Mean delay : 0.211210145604
Std dev    : 0.0608475803646
Bin[0] = 0
Bin[1] = 0
Bin[2] = 0
Bin[3] = 0
Bin[4] = 0
Bin[5] = 0
Bin[6] = 0
Bin[7] = 1
Bin[8] = 0
Bin[9] = 0
Bin[10] = 397
Total packets  : 398
Total neg packets : 0
total_outlierpackets : 34
