Mean delay : 0.0152229894921
Std dev    : 0.0193621374226
Bin[0] = 601
Bin[1] = 766
Bin[2] = 223
Bin[3] = 50
Bin[4] = 20
Bin[5] = 8
Bin[6] = 4
Bin[7] = 3
Bin[8] = 1
Bin[9] = 0
Bin[10] = 14
Total packets  : 1690
Total neg packets : 35
total_outlierpackets : 12
