Mean delay : 0.0151718372093
Std dev    : 0.00403905880085
Bin[0] = 8
Bin[1] = 65
Bin[2] = 13
Bin[3] = 0
Bin[4] = 0
Bin[5] = 0
Bin[6] = 0
Bin[7] = 0
Bin[8] = 0
Bin[9] = 0
Bin[10] = 1
Total packets  : 87
Total neg packets : 0
total_outlierpackets : 1
