Mean delay : 0.021965974359
Std dev    : 0.0300191889679
Bin[0] = 15
Bin[1] = 15
Bin[2] = 2
Bin[3] = 0
Bin[4] = 1
Bin[5] = 0
Bin[6] = 0
Bin[7] = 2
Bin[8] = 1
Bin[9] = 0
Bin[10] = 2
Total packets  : 2
Total neg packets : 1
total_outlierpackets : 0
