Mean delay : 0.0721014221106
Std dev    : 0.0417215642987
Bin[0] = 0
Bin[1] = 0
Bin[2] = 2
Bin[3] = 42
Bin[4] = 36
Bin[5] = 23
Bin[6] = 11
Bin[7] = 21
Bin[8] = 10
Bin[9] = 15
Bin[10] = 44
Total packets  : 204
Total neg packets : 0
total_outlierpackets : 5
