Mean delay : 0.0161804213235
Std dev    : 0.027005669502
Bin[0] = 442
Bin[1] = 638
Bin[2] = 194
Bin[3] = 38
Bin[4] = 14
Bin[5] = 0
Bin[6] = 0
Bin[7] = 0
Bin[8] = 0
Bin[9] = 0
Bin[10] = 16
Total packets  : 1342
Total neg packets : 23
total_outlierpackets : 5
