Mean delay : 0.0270762751938
Std dev    : 0.0540263649385
Bin[0] = 77
Bin[1] = 122
Bin[2] = 19
Bin[3] = 9
Bin[4] = 3
Bin[5] = 4
Bin[6] = 1
Bin[7] = 1
Bin[8] = 2
Bin[9] = 0
Bin[10] = 21
Total packets  : 21
Total neg packets : 4
total_outlierpackets : 5
