Mean delay : 0.0163069388489
Std dev    : 0.0225267510497
Bin[0] = 206
Bin[1] = 234
Bin[2] = 51
Bin[3] = 21
Bin[4] = 9
Bin[5] = 5
Bin[6] = 4
Bin[7] = 1
Bin[8] = 2
Bin[9] = 1
Bin[10] = 9
Total packets  : 9
Total neg packets : 16
total_outlierpackets : 3
