2016-04-26 12:49:08.134107,RECV,32078426947854dfd602b4d8ab39f283
2016-04-26 12:49:08.177364,SEND,168d32b2f4b24ed7d7b994f71b77279f
2016-04-26 12:49:08.213407,RECV,e98d6e02542034ea6c53aeee11b447ad
2016-04-26 12:49:08.231265,SEND,bf75e8ddb1c63ba3e4ebc4df4f519c4e
2016-04-26 12:49:08.277463,RECV,6ae817bec383b74b825f52e6433934ee
2016-04-26 12:49:08.294569,SEND,141714ace0201ce6c117215bd60a3624
2016-04-26 12:49:08.348777,RECV,f9131d2a8f18cb5a039a6a6c30ca122b
2016-04-26 12:49:08.369564,SEND,2c96444338f62b58c5e88ad339d30c1b
2016-04-26 12:49:08.394580,RECV,28990a7f8d151be811ccb6706de05b4a
2016-04-26 12:49:08.412609,SEND,776447029ca096f9c5a7368895bb6198
2016-04-26 12:49:08.466336,RECV,6058535e23c30746d7e3348a5d56d384
2016-04-26 12:49:08.484439,SEND,eacf494e6f78e89520b72d2e174066f1
2016-04-26 12:49:08.511698,RECV,d4fae316d466342b9375655b023c53c1
2016-04-26 12:49:08.523970,SEND,cb93733f5be8d8f230284987f93c0c0a
2016-04-26 12:49:08.565775,RECV,f99f710644322e463d51aff9c9e79c47
2016-04-26 12:49:08.575774,SEND,e3bd3619d975f154efc04e6b79b85917
2016-04-26 12:49:08.620807,RECV,26c8eb777616647b403b8733d91f8012
2016-04-26 12:49:08.640834,SEND,1c81e47ff6cc53db2719172b62cd02ae
2016-04-26 12:49:08.674862,RECV,e99ea22afe91fdb3c5505008e9572d1a
2016-04-26 12:49:08.692375,SEND,882d3628a55dcdbce878b9f443c839bb
2016-04-26 12:49:08.746924,RECV,25b895e9cdcb5f42ac5f1494a2b34c3b
2016-04-26 12:49:08.773812,SEND,02fc9a016a4fd7a74c606c1087d10317
2016-04-26 12:49:08.809997,RECV,74412f33dff0d659b51c9bfff4e82c1f
2016-04-26 12:49:08.829016,SEND,ecc8c455fd323263a2562d0a855f1205
2016-04-26 12:49:08.882255,RECV,cd4018b2221e7b4dd303fa1a414b03b4
2016-04-26 12:49:08.910102,SEND,f778bd76e9ea9fb90a49be274c169a87
2016-04-26 12:49:08.946136,RECV,140059c639f469c8b083f31915377d1a
2016-04-26 12:49:08.964160,SEND,94b2664c2de56471cdef6f033763dc02
2016-04-26 12:49:09.000187,RECV,af21634d3e5dc73a2264a41bc76bb3f6
2016-04-26 12:49:09.018208,SEND,1b345f693b8271521f0bffe75e9b44a0
2016-04-26 12:49:09.045231,RECV,2b3935315f2e763449e20f67afba3fea
2016-04-26 12:49:09.063182,SEND,96ae949bc85b466c1f72d235a2df45bb
2016-04-26 12:49:09.100284,RECV,c26f3e3928be776c00b02078df936941
2016-04-26 12:49:09.118309,SEND,3bfff67117e5c03a539e142f2a05f4c6
2016-04-26 12:49:09.163347,RECV,129765f1d70f1e3d8f566e7115813e08
2016-04-26 12:49:09.189710,SEND,e75c0d44d35bbcbd872cc62d46373f37
2016-04-26 12:49:09.228200,RECV,5530afad43a212a0b7510c1351de369a
2016-04-26 12:49:09.244432,SEND,badf227fdc66af34f59fb2177216f93a
2016-04-26 12:49:09.292358,RECV,6a6e23cd7d4ce1d818b33821dc9284f9
2016-04-26 12:49:09.318507,SEND,31a8fccf2d6cbf5efe0c76fb3ac30727
2016-04-26 12:49:09.345532,RECV,ae33516c37499186a6fdd3967480996e
2016-04-26 12:49:09.364031,SEND,d1e79c385784f9d0ba8da5983c0345d5
2016-04-26 12:49:09.398591,RECV,4072f9149ab0ce015ef92006f5784d2e
2016-04-26 12:49:09.424819,SEND,3e0e7e1769febdb5db8b9ec252e60498
2016-04-26 12:49:09.452630,RECV,f1108cbfd70fa26e30f6c2dd95322aba
2016-04-26 12:49:09.470661,SEND,66b753fa728dcbc9e9a7d68c667a8951
2016-04-26 12:49:09.506168,RECV,40c6c5315aa6c6d1a96575f499e2bca2
2016-04-26 12:49:09.515710,SEND,d8b80db52ee8696da931d4a0b3e00e98
2016-04-26 12:49:09.542727,RECV,14f79c7a938293c00581d450930dd8a8
2016-04-26 12:49:09.569486,SEND,dbb603ed696711fc43a1143bb2db30bf
2016-04-26 12:49:09.623803,RECV,c0635e98edf7e592a437a3dd6dbd6dab
2016-04-26 12:49:09.634828,SEND,55329e18514dce5f91d4652beb654207
2016-04-26 12:49:09.687872,RECV,e7aa9ec1cd32e330c724416dca5aa36b
2016-04-26 12:49:09.698143,SEND,cd7bb880126ebb71e903f4ddb575f271
2016-04-26 12:49:09.741630,RECV,07387f1de298b504d2bd938af04df42d
2016-04-26 12:49:09.761947,SEND,0da7a7b3fe3041828471ebf1fc49b04f
2016-04-26 12:49:09.795981,RECV,560b58822ecc2ac68ce738968a5e369d
2016-04-26 12:49:09.822670,SEND,49e4a6009e03fd39b66aa107601cf80a
2016-04-26 12:49:09.868055,RECV,7a5dce09aa34fb314d44bd629d43316a
2016-04-26 12:49:09.886076,SEND,cf86de25c73f8d8286d6b4e67506b63d
2016-04-26 12:49:09.916898,RECV,3cf8fc64cb5fa2147d0fe64e6b267eeb
2016-04-26 12:49:09.932125,SEND,eb45092f7fbeb177628557862f3597ad
2016-04-26 12:49:09.976379,RECV,129a5e86232abe6b1ee44bea4b2ca72e
2016-04-26 12:49:09.995183,SEND,045d163fcfffb0df46d0c59ec7e4454f
2016-04-26 12:49:10.040233,RECV,bea89b0e8659e00d4694355c665bb277
2016-04-26 12:49:10.057949,SEND,00032bb604fcc0aec0076cfd60b212fa
2016-04-26 12:49:10.121299,RECV,e5e3e5b8cdbbb903e26ba231e665e382
2016-04-26 12:49:10.148341,SEND,13f3f4e71874aff5fc86c414d2033c20
2016-04-26 12:49:10.194378,RECV,0462576d5a64be0fef4ac851614ebaed
2016-04-26 12:49:10.212399,SEND,abe2b5a15835b163a75ab84249a65154
2016-04-26 12:49:10.257443,RECV,0da10a02799ed8ae52c765d809e2c7b1
2016-04-26 12:49:10.274729,SEND,d8398abb079224bbc8f3fd642967d168
2016-04-26 12:49:10.329019,RECV,a28532b1a2d20fa5a26d8b1537c1367d
2016-04-26 12:49:10.338537,SEND,28cfc9b99d65fb497bf8eebe74ac8829
2016-04-26 12:49:10.392578,RECV,c7ef4ffee16d03dc3f921c253dd42cf9
2016-04-26 12:49:10.410597,SEND,3b0b0e3deadd209b3a3f5d501683505d
2016-04-26 12:49:10.465471,RECV,feff1b5f09a72a12a99501aed223dc38
2016-04-26 12:49:10.500774,SEND,169ec2a2e44374ba2b6b5e847161d056
2016-04-26 12:49:10.546733,RECV,5e3bd8d1ff61eb9d1a956f095ae70356
2016-04-26 12:49:10.557357,SEND,59998d5b10d171e3536bc0a096f2a2f2
