2016-04-26 12:49:08.042035,RECV,2b7a327f7b3f8eebb9a1f170e587fb44
2016-04-26 12:49:08.053246,SEND,bbcd12cd7abcf3557229d94dc2d36cd7
2016-04-26 12:49:08.086267,RECV,4f72c3cc70f60b2dbe3551100e0c3481
2016-04-26 12:49:08.098288,SEND,d3312a950d2b43ab565fb997b0678482
2016-04-26 12:49:08.164353,RECV,3d7e47c87641056dc60c459f16a9f9fa
2016-04-26 12:49:08.198759,SEND,34ca952405c594f0e2b9fbcf37b62438
2016-04-26 12:49:08.241422,RECV,e1ab2b6917a5718218c2282b41119fcd
2016-04-26 12:49:08.252446,SEND,1c554ea1d9fd6022b78f37208c7be4a9
2016-04-26 12:49:08.296482,RECV,ce543cfa35de09e919c8bc55b605d5f3
2016-04-26 12:49:08.309493,SEND,bc6e88f3f1f4d87fc2c8bde676758d36
2016-04-26 12:49:08.362496,RECV,8fa4efc9d8225a5b7546e930c6a814e9
2016-04-26 12:49:08.373585,SEND,d7ea93f05c357889f00cb618ea593ee1
2016-04-26 12:49:08.418604,RECV,7799f2a43fa4aa9d98d2a6f137fb39d0
2016-04-26 12:49:08.429617,SEND,589faa452ea0072b5203ea6d332f3489
2016-04-26 12:49:08.473662,RECV,326e0b1dae872c877ef7597dcbab7573
2016-04-26 12:49:08.484679,SEND,e50a275345cb6abdb570c00c9380c23a
2016-04-26 12:49:08.539730,RECV,1dd39f2709c6aea69d95335cdc604764
2016-04-26 12:49:08.550736,SEND,fd19d42d3d07c23fe0efc2a012949e29
2016-04-26 12:49:08.594779,RECV,05377de364f5642cd28086a3e9e8d5e4
2016-04-26 12:49:08.626633,SEND,e84a9c82fbfafb58c70275f400303294
2016-04-26 12:49:08.658844,RECV,c9ba25a6a8edfab0212cdf14f00c30c2
2016-04-26 12:49:08.678875,SEND,d06823e38ce3891ed12db8449e966dbf
2016-04-26 12:49:08.712892,RECV,ec7aa2ea0c0a5fc6e1f1a024d1d49c30
2016-04-26 12:49:08.725919,SEND,efb239a29d2087ea4377b7aacd7eb38f
2016-04-26 12:49:08.778960,RECV,343679da2f3b8177010640350f43e581
2016-04-26 12:49:08.811387,SEND,302f95ad2b55344e34aedf2a6ef5176a
2016-04-26 12:49:08.845032,RECV,2e95480084983d7f02d63a533b4e5c6e
2016-04-26 12:49:08.856050,SEND,2e70a9053b0a3d437b16e9186a28655d
2016-04-26 12:49:08.889074,RECV,8ef303966e2306d7f7699cbb78abae0f
2016-04-26 12:49:08.911102,SEND,5dc7fc79c5bb40e672f18e77a67cf506
2016-04-26 12:49:09.000182,RECV,74d23f632c847e6b26aa8261f038cd6e
2016-04-26 12:49:09.011201,SEND,032316e3938eb84ac63d97867897795d
2016-04-26 12:49:09.066252,RECV,c7903b7f38da53aaf66b4a8a6560111a
2016-04-26 12:49:09.087946,SEND,cb4d05c2e0fff27942fb7c41ecd64646
2016-04-26 12:49:09.132142,RECV,63611c33a37ba1e36ff0fb412b28395e
2016-04-26 12:49:09.154252,SEND,5a6ce914604f25672e0ad5cc1bb7aabd
2016-04-26 12:49:09.210393,RECV,f65b9f942ce7531ccaceb145ad3aafad
2016-04-26 12:49:09.231545,SEND,a19e1f67ceb1d63d1ea141a91c41cade
2016-04-26 12:49:09.298480,RECV,822c6b16f049196ba948a0e34c82f47b
2016-04-26 12:49:09.329929,SEND,c1b734d204730ba127173dbf055d2617
2016-04-26 12:49:09.363548,RECV,50562ba58a075c88314fb731e0466848
2016-04-26 12:49:09.374562,SEND,bb33368ad55a7fd3ed97c28753c23ffc
2016-04-26 12:49:09.418597,RECV,6e53777e8aee89a131f234047044f535
2016-04-26 12:49:09.429616,SEND,6c5f81a4a52168543ab3ec65344c4409
2016-04-26 12:49:09.462648,RECV,a292eb489e42fec60ced9a2184779287
2016-04-26 12:49:09.473660,SEND,7550aef9f86c1a3410f4bd4c060bcdf4
2016-04-26 12:49:09.529715,RECV,38338dd438b0ab484d06b9c079f8bbef
2016-04-26 12:49:09.540729,SEND,0eab6a631d44fb4f4a2df9dc953a7d8e
2016-04-26 12:49:09.573757,RECV,e9689c3ea933e1a01537afe27119378a
2016-04-26 12:49:09.586401,SEND,9ca8a24a8c6e1cd1a4e9bddfc63468a6
2016-04-26 12:49:09.650840,RECV,b2ad7608ac8223849f3cb5cf7a6ab748
2016-04-26 12:49:09.683871,SEND,3d7e552a25594a018bb63ad511f39a7b
2016-04-26 12:49:09.738929,RECV,a48444da76cda2474261d19f9ac9827f
2016-04-26 12:49:09.760881,SEND,a6c0f07935c22b054b3cd1a8e21e9c32
2016-04-26 12:49:09.793982,RECV,9ce26647472e4223497f5fbcd1561188
2016-04-26 12:49:09.815083,SEND,dbb2438c6f74f8d9119275b31595617b
2016-04-26 12:49:09.860045,RECV,6040e97d01441c4e89291baf4126f750
2016-04-26 12:49:09.880323,SEND,28a92c116b5039b4f9f0fad7938a6619
2016-04-26 12:49:09.936125,RECV,f305c3d987c11019b4f5003e22299655
2016-04-26 12:49:09.947143,SEND,8468b35ae0f479689c26ac1b55871d0f
2016-04-26 12:49:10.002192,RECV,e720770464537705e9974733606ca09c
2016-04-26 12:49:10.013200,SEND,b38fb941c090b6fbba546e1c799a787c
2016-04-26 12:49:10.046232,RECV,06e10a14ae3c76bc1cae62d22f2707d6
2016-04-26 12:49:10.068172,SEND,af63b8119e6f3bba2c2ef089a7dce0a0
2016-04-26 12:49:10.157344,RECV,d94ce197fa7df983f80e2079a2f0dc1d
2016-04-26 12:49:10.170363,SEND,9da214edf103fc379151c60550fa3cf2
2016-04-26 12:49:10.201386,RECV,f36dc617e9620c4e593c5cd2e5517132
2016-04-26 12:49:10.212397,SEND,3f1eda220f776aa44ae1763d249360ee
2016-04-26 12:49:10.267451,RECV,c7c1a0230fa3333950e1b4d76496fe7d
2016-04-26 12:49:10.289076,SEND,b8163d369a49b8ed61bf8797a2bd566a
2016-04-26 12:49:10.333297,RECV,edc93786f3e028277be008bd020b0317
2016-04-26 12:49:10.355396,SEND,1d7d63317023caf063d9cbd62689e3b1
2016-04-26 12:49:10.411596,RECV,ceda6ee286162e6603aca3d6527ecd1c
2016-04-26 12:49:10.443630,SEND,d729294693db46c37ddae5411b7b665f
2016-04-26 12:49:10.486671,RECV,91afb1b03e93488d49d1125ff36ee326
2016-04-26 12:49:10.510594,SEND,5d09368d0ac76cfb5fdd5e2bd610de1f
2016-04-26 12:49:10.541726,RECV,9f1ae3f5fc5ecde6d65dcb121bf51796
2016-04-26 12:49:10.563751,SEND,13b3e940267ef213670757b67de99639
