2016-04-26 12:49:07.851038,SEND,2b7a327f7b3f8eebb9a1f170e587fb44
2016-04-26 12:49:07.869054,SEND,6078160839eca9059da8630dbb009387
2016-04-26 12:49:07.918104,RECV,1abd4e83aa7c9a098cf24c2cabd4b662
2016-04-26 12:49:07.931131,SEND,db125265f1a365124eb6acf0406a3512
2016-04-26 12:49:07.957142,RECV,9697621b795c726dfbc65aebaf3924c3
2016-04-26 12:49:07.996183,SEND,e40988425f269f5445fe1525704cfb5c
2016-04-26 12:49:08.049240,RECV,2377c9f64cb215927a07bb33a20c8993
2016-04-26 12:49:08.060248,RECV,bbcd12cd7abcf3557229d94dc2d36cd7
2016-04-26 12:49:08.073458,SEND,4f72c3cc70f60b2dbe3551100e0c3481
2016-04-26 12:49:08.075271,SEND,7be6f003d5b29db311b4570d43775e5f
2016-04-26 12:49:08.101290,RECV,29c3a3ff7c84085133651f51fc21660b
2016-04-26 12:49:08.112298,RECV,d3312a950d2b43ab565fb997b0678482
2016-04-26 12:49:08.117306,SEND,7f76764d9451d5500a1f51c3bd20da90
2016-04-26 12:49:08.151075,SEND,3d7e47c87641056dc60c459f16a9f9fa
2016-04-26 12:49:08.156339,RECV,ba0f4f1e8d3af3731fcb9a68717998f2
2016-04-26 12:49:08.203388,RECV,34ca952405c594f0e2b9fbcf37b62438
2016-04-26 12:49:08.218099,SEND,d3da22d78777c4d4c8657e9889b10fd2
2016-04-26 12:49:08.229419,SEND,e1ab2b6917a5718218c2282b41119fcd
2016-04-26 12:49:08.244432,RECV,51b6ab36938a3127203ea46ed4a5e00e
2016-04-26 12:49:08.257457,SEND,b533dc00d8d69af834d1e6271e16d06d
2016-04-26 12:49:08.269454,RECV,1c554ea1d9fd6022b78f37208c7be4a9
2016-04-26 12:49:08.282439,SEND,ce543cfa35de09e919c8bc55b605d5f3
2016-04-26 12:49:08.309565,RECV,52f356584c97cb40756af8931efdd2cb
2016-04-26 12:49:08.321508,RECV,bc6e88f3f1f4d87fc2c8bde676758d36
2016-04-26 12:49:08.339429,SEND,ca92c4b06131aebfc2a6ee02ca6ad56f
2016-04-26 12:49:08.347709,SEND,8fa4efc9d8225a5b7546e930c6a814e9
2016-04-26 12:49:08.375562,RECV,b5f8b87844729260ba3f8d8db9bb530f
2016-04-26 12:49:08.386571,RECV,d7ea93f05c357889f00cb618ea593ee1
2016-04-26 12:49:08.390905,SEND,68341bc7b6804f6e8d1fbdb1254a656a
2016-04-26 12:49:08.413002,SEND,7799f2a43fa4aa9d98d2a6f137fb39d0
2016-04-26 12:49:08.427614,RECV,0dec5d863e7cf4b151ebf8bd41496cf3
2016-04-26 12:49:08.438625,RECV,589faa452ea0072b5203ea6d332f3489
2016-04-26 12:49:08.465257,SEND,326e0b1dae872c877ef7597dcbab7573
2016-04-26 12:49:08.469661,SEND,801fb9d2106853a8d60b4dc517daa627
2016-04-26 12:49:08.490675,RECV,e50a275345cb6abdb570c00c9380c23a
2016-04-26 12:49:08.509009,RECV,d92c56252ccbd61d105053cc4016c4b3
2016-04-26 12:49:08.530548,SEND,1dd39f2709c6aea69d95335cdc604764
2016-04-26 12:49:08.544731,SEND,99b0b03bd2bcd854582ec611142073a3
2016-04-26 12:49:08.555744,RECV,fd19d42d3d07c23fe0efc2a012949e29
2016-04-26 12:49:08.582774,SEND,05377de364f5642cd28086a3e9e8d5e4
2016-04-26 12:49:08.584486,RECV,ac86aea254344324b68526564929e8ce
2016-04-26 12:49:08.609903,SEND,aecbe6eac15e6409f36eaaccb9e21fbe
2016-04-26 12:49:08.634820,RECV,e84a9c82fbfafb58c70275f400303294
2016-04-26 12:49:08.647835,SEND,c9ba25a6a8edfab0212cdf14f00c30c2
2016-04-26 12:49:08.662120,RECV,69a12195225bfe98e3fd05ebd9b8a492
2016-04-26 12:49:08.686876,RECV,d06823e38ce3891ed12db8449e966dbf
2016-04-26 12:49:08.699891,SEND,ec7aa2ea0c0a5fc6e1f1a024d1d49c30
2016-04-26 12:49:08.701309,SEND,fb31ae0cbfe3633ad3324b14bf426bfa
2016-04-26 12:49:08.727913,RECV,1298385c8e8c5aee62e134950cc0869c
2016-04-26 12:49:08.740812,RECV,efb239a29d2087ea4377b7aacd7eb38f
2016-04-26 12:49:08.743929,SEND,88dd249936e47e75adce0c2cc87e6e50
2016-04-26 12:49:08.764955,SEND,343679da2f3b8177010640350f43e581
2016-04-26 12:49:08.779966,RECV,8f76120c76f6311c11c24af1ade8f820
2016-04-26 12:49:08.805797,SEND,2e57a79b361afb5d03bb93e9d02c575d
2016-04-26 12:49:08.817002,RECV,302f95ad2b55344e34aedf2a6ef5176a
2016-04-26 12:49:08.832014,SEND,2e95480084983d7f02d63a533b4e5c6e
2016-04-26 12:49:08.845032,RECV,713514c3d8fffffc78a5f8563a48c8df
2016-04-26 12:49:08.870057,RECV,2e70a9053b0a3d437b16e9186a28655d
2016-04-26 12:49:08.883067,SEND,8ef303966e2306d7f7699cbb78abae0f
2016-04-26 12:49:08.884130,SEND,9b3f745016af541c4b37f0de7fb3915b
2016-04-26 12:49:08.922108,RECV,5dc7fc79c5bb40e672f18e77a67cf506
2016-04-26 12:49:08.926313,RECV,bbe9ba5dbc60e316520833d5b940a615
2016-04-26 12:49:08.987175,SEND,74d23f632c847e6b26aa8261f038cd6e
2016-04-26 12:49:09.015604,SEND,79092b272077f6eebc766f56ca180ec4
2016-04-26 12:49:09.026210,RECV,032316e3938eb84ac63d97867897795d
2016-04-26 12:49:09.052904,SEND,c7903b7f38da53aaf66b4a8a6560111a
2016-04-26 12:49:09.054239,RECV,6e91ff7298e761e4ce665be59577c009
2016-04-26 12:49:09.067251,SEND,232fe76ab45ef4d4cf5e030b1fa1d196
2016-04-26 12:49:09.104287,RECV,cb4d05c2e0fff27942fb7c41ecd64646
2016-04-26 12:49:09.117305,SEND,63611c33a37ba1e36ff0fb412b28395e
2016-04-26 12:49:09.119224,RECV,f761a33114988fb6e6a58ad92d59c869
2016-04-26 12:49:09.145343,SEND,ceb1a82e31f06ba79d36efbdd696156c
2016-04-26 12:49:09.170357,RECV,5a6ce914604f25672e0ad5cc1bb7aabd
2016-04-26 12:49:09.196510,SEND,f65b9f942ce7531ccaceb145ad3aafad
2016-04-26 12:49:09.198385,RECV,57ffdbaf2047fe86e7a5edf22cd1b886
2016-04-26 12:49:09.223630,SEND,8304109b41c1607f320cb6f72267830b
2016-04-26 12:49:09.248439,RECV,a19e1f67ceb1d63d1ea141a91c41cade
2016-04-26 12:49:09.265829,RECV,9eb81b1e2c17c85644b052fc9b8a3970
2016-04-26 12:49:09.287915,SEND,822c6b16f049196ba948a0e34c82f47b
2016-04-26 12:49:09.289479,SEND,2f8cb5ec849409cf40833604f3782190
2016-04-26 12:49:09.339526,RECV,c1b734d204730ba127173dbf055d2617
2016-04-26 12:49:09.352536,SEND,50562ba58a075c88314fb731e0466848
2016-04-26 12:49:09.357543,RECV,dd0ec23772451ed95123d681439ff35e
2016-04-26 12:49:09.379308,RECV,bb33368ad55a7fd3ed97c28753c23ffc
2016-04-26 12:49:09.393579,SEND,5328c2e9af97a6a87f1c594a475c4c29
2016-04-26 12:49:09.404588,SEND,6e53777e8aee89a131f234047044f535
2016-04-26 12:49:09.432622,RECV,8f6c44003485a564e1aa4b2e384accfe
2016-04-26 12:49:09.443628,RECV,6c5f81a4a52168543ab3ec65344c4409
2016-04-26 12:49:09.457655,SEND,a292eb489e42fec60ced9a2184779287
2016-04-26 12:49:09.483668,RECV,7550aef9f86c1a3410f4bd4c060bcdf4
2016-04-26 12:49:09.487766,SEND,f330e826de73b8a67ed57b60e8a6bb33
2016-04-26 12:49:09.522877,SEND,38338dd438b0ab484d06b9c079f8bbef
2016-04-26 12:49:09.537721,RECV,8c4c8017e93bee690c690e3288e0c951
2016-04-26 12:49:09.548735,RECV,0eab6a631d44fb4f4a2df9dc953a7d8e
2016-04-26 12:49:09.563747,SEND,e9689c3ea933e1a01537afe27119378a
2016-04-26 12:49:09.563752,SEND,d8a08505f2dc45258ea84fb0baefbc1e
2016-04-26 12:49:09.600788,RECV,9ca8a24a8c6e1cd1a4e9bddfc63468a6
2016-04-26 12:49:09.628342,RECV,3dcd02942dbcda39fbaa9c0adbe4bd17
2016-04-26 12:49:09.639830,SEND,b2ad7608ac8223849f3cb5cf7a6ab748
2016-04-26 12:49:09.654473,SEND,e1c5774db0d2bd176963dc23f77be312
2016-04-26 12:49:09.691879,RECV,3d7e552a25594a018bb63ad511f39a7b
2016-04-26 12:49:09.719778,RECV,99f3d2e11e38e182e9bd36856dbdc860
2016-04-26 12:49:09.730915,SEND,a48444da76cda2474261d19f9ac9827f
2016-04-26 12:49:09.732919,SEND,577ce8d7b4d4b083d9339a89e3251e73
2016-04-26 12:49:09.771956,RECV,a6c0f07935c22b054b3cd1a8e21e9c32
2016-04-26 12:49:09.784017,SEND,9ce26647472e4223497f5fbcd1561188
2016-04-26 12:49:09.785970,RECV,e4a5f5ba2531de53cc1ca09dd7775670
2016-04-26 12:49:09.823008,RECV,dbb2438c6f74f8d9119275b31595617b
2016-04-26 12:49:09.841030,SEND,586019e6075d984c211ce7120b9b7395
2016-04-26 12:49:09.849253,SEND,6040e97d01441c4e89291baf4126f750
2016-04-26 12:49:09.877064,RECV,de8075c33b45683c688a290ad6ec9391
2016-04-26 12:49:09.889072,RECV,28a92c116b5039b4f9f0fad7938a6619
2016-04-26 12:49:09.927600,SEND,f305c3d987c11019b4f5003e22299655
2016-04-26 12:49:09.930132,SEND,63aca983c28523b86101bb30934d8847
2016-04-26 12:49:09.953136,RECV,8468b35ae0f479689c26ac1b55871d0f
2016-04-26 12:49:09.980853,RECV,1fd2087c296cd627d25eaaf5483f6d7b
2016-04-26 12:49:09.993496,SEND,e720770464537705e9974733606ca09c
2016-04-26 12:49:10.019536,RECV,b38fb941c090b6fbba546e1c799a787c
2016-04-26 12:49:10.032105,SEND,06e10a14ae3c76bc1cae62d22f2707d6
2016-04-26 12:49:10.049241,SEND,895b4b9a5b317a0b204f5cb42e9b6731
2016-04-26 12:49:10.084272,RECV,af63b8119e6f3bba2c2ef089a7dce0a0
2016-04-26 12:49:10.101380,RECV,aa8db8110d86a7227010ff8dd639fbb3
2016-04-26 12:49:10.151334,SEND,d94ce197fa7df983f80e2079a2f0dc1d
2016-04-26 12:49:10.164358,SEND,f0b8a38cbfb351336fd40c94d38a8d0a
2016-04-26 12:49:10.175358,RECV,9da214edf103fc379151c60550fa3cf2
2016-04-26 12:49:10.188747,SEND,f36dc617e9620c4e593c5cd2e5517132
2016-04-26 12:49:10.216401,RECV,58676964d8083227a1da8b99881cc957
2016-04-26 12:49:10.227411,RECV,3f1eda220f776aa44ae1763d249360ee
2016-04-26 12:49:10.245425,SEND,6a1f55f93c5af4294ec90718ef191b7c
2016-04-26 12:49:10.254010,SEND,c7c1a0230fa3333950e1b4d76496fe7d
2016-04-26 12:49:10.281466,RECV,50a2a9ed5a2e5db2f2f94a23b03edab3
2016-04-26 12:49:10.297485,SEND,62cdc301e899a99a1a39bf6fc4a18feb
2016-04-26 12:49:10.305489,RECV,b8163d369a49b8ed61bf8797a2bd566a
2016-04-26 12:49:10.318510,SEND,edc93786f3e028277be008bd020b0317
2016-04-26 12:49:10.359548,RECV,b5accb9b826a160fad894dd9f45a8407
2016-04-26 12:49:10.371556,RECV,1d7d63317023caf063d9cbd62689e3b1
2016-04-26 12:49:10.397644,SEND,ceda6ee286162e6603aca3d6527ecd1c
2016-04-26 12:49:10.400611,SEND,6f75c8489d92946bda4edc9ff97eba50
2016-04-26 12:49:10.441628,RECV,a4bb9ff3d0de9bd0e5e25fadfa865a1f
2016-04-26 12:49:10.449632,RECV,d729294693db46c37ddae5411b7b665f
2016-04-26 12:49:10.477662,SEND,91afb1b03e93488d49d1125ff36ee326
2016-04-26 12:49:10.490682,SEND,a8acee25525291db48c1aa8e4b74a284
2016-04-26 12:49:10.515187,RECV,5d09368d0ac76cfb5fdd5e2bd610de1f
2016-04-26 12:49:10.527713,SEND,9f1ae3f5fc5ecde6d65dcb121bf51796
2016-04-26 12:49:10.542728,RECV,4e6dbcd4f947cad8a7aca1f99f2c9fae
2016-04-26 12:49:10.568488,SEND,fb1564ff4e696e0268b8c27214bc5bae
