2016-04-26 12:49:07.899010,RECV,6078160839eca9059da8630dbb009387
2016-04-26 12:49:07.912047,SEND,1abd4e83aa7c9a098cf24c2cabd4b662
2016-04-26 12:49:07.938124,RECV,db125265f1a365124eb6acf0406a3512
2016-04-26 12:49:07.951151,SEND,9697621b795c726dfbc65aebaf3924c3
2016-04-26 12:49:08.003189,RECV,e40988425f269f5445fe1525704cfb5c
2016-04-26 12:49:08.024220,SEND,32078426947854dfd602b4d8ab39f283
2016-04-26 12:49:08.042377,SEND,2377c9f64cb215927a07bb33a20c8993
2016-04-26 12:49:08.081269,RECV,7be6f003d5b29db311b4570d43775e5f
2016-04-26 12:49:08.094521,SEND,29c3a3ff7c84085133651f51fc21660b
2016-04-26 12:49:08.133317,RECV,7f76764d9451d5500a1f51c3bd20da90
2016-04-26 12:49:08.146657,SEND,ba0f4f1e8d3af3731fcb9a68717998f2
2016-04-26 12:49:08.193375,RECV,168d32b2f4b24ed7d7b994f71b77279f
2016-04-26 12:49:08.206395,SEND,e98d6e02542034ea6c53aeee11b447ad
2016-04-26 12:49:08.224413,RECV,d3da22d78777c4d4c8657e9889b10fd2
2016-04-26 12:49:08.237987,SEND,51b6ab36938a3127203ea46ed4a5e00e
2016-04-26 12:49:08.245430,RECV,bf75e8ddb1c63ba3e4ebc4df4f519c4e
2016-04-26 12:49:08.263450,RECV,b533dc00d8d69af834d1e6271e16d06d
2016-04-26 12:49:08.271107,SEND,6ae817bec383b74b825f52e6433934ee
2016-04-26 12:49:08.290154,SEND,52f356584c97cb40756af8931efdd2cb
2016-04-26 12:49:08.310501,RECV,141714ace0201ce6c117215bd60a3624
2016-04-26 12:49:08.336342,SEND,f9131d2a8f18cb5a039a6a6c30ca122b
2016-04-26 12:49:08.354540,RECV,ca92c4b06131aebfc2a6ee02ca6ad56f
2016-04-26 12:49:08.368459,SEND,b5f8b87844729260ba3f8d8db9bb530f
2016-04-26 12:49:08.375555,RECV,2c96444338f62b58c5e88ad339d30c1b
2016-04-26 12:49:08.388575,SEND,28990a7f8d151be811ccb6706de05b4a
2016-04-26 12:49:08.407594,RECV,68341bc7b6804f6e8d1fbdb1254a656a
2016-04-26 12:49:08.420625,SEND,0dec5d863e7cf4b151ebf8bd41496cf3
2016-04-26 12:49:08.428617,RECV,776447029ca096f9c5a7368895bb6198
2016-04-26 12:49:08.453738,SEND,6058535e23c30746d7e3348a5d56d384
2016-04-26 12:49:08.485670,RECV,801fb9d2106853a8d60b4dc517daa627
2016-04-26 12:49:08.493679,RECV,eacf494e6f78e89520b72d2e174066f1
2016-04-26 12:49:08.498867,SEND,d92c56252ccbd61d105053cc4016c4b3
2016-04-26 12:49:08.506693,SEND,d4fae316d466342b9375655b023c53c1
2016-04-26 12:49:08.531718,RECV,cb93733f5be8d8f230284987f93c0c0a
2016-04-26 12:49:08.546734,SEND,f99f710644322e463d51aff9c9e79c47
2016-04-26 12:49:08.549734,RECV,99b0b03bd2bcd854582ec611142073a3
2016-04-26 12:49:08.576094,SEND,ac86aea254344324b68526564929e8ce
2016-04-26 12:49:08.583769,RECV,e3bd3619d975f154efc04e6b79b85917
2016-04-26 12:49:08.609799,SEND,26c8eb777616647b403b8733d91f8012
2016-04-26 12:49:08.614797,RECV,aecbe6eac15e6409f36eaaccb9e21fbe
2016-04-26 12:49:08.628255,SEND,69a12195225bfe98e3fd05ebd9b8a492
2016-04-26 12:49:08.648835,RECV,1c81e47ff6cc53db2719172b62cd02ae
2016-04-26 12:49:08.661848,SEND,e99ea22afe91fdb3c5505008e9572d1a
2016-04-26 12:49:08.700887,RECV,882d3628a55dcdbce878b9f443c839bb
2016-04-26 12:49:08.705891,RECV,fb31ae0cbfe3633ad3324b14bf426bfa
2016-04-26 12:49:08.718904,SEND,1298385c8e8c5aee62e134950cc0869c
2016-04-26 12:49:08.738930,SEND,25b895e9cdcb5f42ac5f1494a2b34c3b
2016-04-26 12:49:08.756940,RECV,88dd249936e47e75adce0c2cc87e6e50
2016-04-26 12:49:08.770780,SEND,8f76120c76f6311c11c24af1ade8f820
2016-04-26 12:49:08.780255,RECV,02fc9a016a4fd7a74c606c1087d10317
2016-04-26 12:49:08.803996,SEND,74412f33dff0d659b51c9bfff4e82c1f
2016-04-26 12:49:08.822006,RECV,2e57a79b361afb5d03bb93e9d02c575d
2016-04-26 12:49:08.835996,SEND,713514c3d8fffffc78a5f8563a48c8df
2016-04-26 12:49:08.843029,RECV,ecc8c455fd323263a2562d0a855f1205
2016-04-26 12:49:08.870059,SEND,cd4018b2221e7b4dd303fa1a414b03b4
2016-04-26 12:49:08.901087,RECV,9b3f745016af541c4b37f0de7fb3915b
2016-04-26 12:49:08.914193,SEND,bbe9ba5dbc60e316520833d5b940a615
2016-04-26 12:49:08.922108,RECV,f778bd76e9ea9fb90a49be274c169a87
2016-04-26 12:49:08.935119,SEND,140059c639f469c8b083f31915377d1a
2016-04-26 12:49:08.974161,RECV,94b2664c2de56471cdef6f033763dc02
2016-04-26 12:49:08.989177,SEND,af21634d3e5dc73a2264a41bc76bb3f6
2016-04-26 12:49:09.026212,RECV,1b345f693b8271521f0bffe75e9b44a0
2016-04-26 12:49:09.031217,RECV,79092b272077f6eebc766f56ca180ec4
2016-04-26 12:49:09.039225,SEND,2b3935315f2e763449e20f67afba3fea
2016-04-26 12:49:09.044755,SEND,6e91ff7298e761e4ce665be59577c009
2016-04-26 12:49:09.078262,RECV,96ae949bc85b466c1f72d235a2df45bb
2016-04-26 12:49:09.083267,RECV,232fe76ab45ef4d4cf5e030b1fa1d196
2016-04-26 12:49:09.091279,SEND,c26f3e3928be776c00b02078df936941
2016-04-26 12:49:09.096965,SEND,f761a33114988fb6e6a58ad92d59c869
2016-04-26 12:49:09.130317,RECV,3bfff67117e5c03a539e142f2a05f4c6
2016-04-26 12:49:09.156219,SEND,129765f1d70f1e3d8f566e7115813e08
2016-04-26 12:49:09.161347,RECV,ceb1a82e31f06ba79d36efbdd696156c
2016-04-26 12:49:09.188329,SEND,57ffdbaf2047fe86e7a5edf22cd1b886
2016-04-26 12:49:09.195383,RECV,e75c0d44d35bbcbd872cc62d46373f37
2016-04-26 12:49:09.221439,SEND,5530afad43a212a0b7510c1351de369a
2016-04-26 12:49:09.240424,RECV,8304109b41c1607f320cb6f72267830b
2016-04-26 12:49:09.253444,SEND,9eb81b1e2c17c85644b052fc9b8a3970
2016-04-26 12:49:09.261448,RECV,badf227fdc66af34f59fb2177216f93a
2016-04-26 12:49:09.287483,SEND,6a6e23cd7d4ce1d818b33821dc9284f9
2016-04-26 12:49:09.305488,RECV,2f8cb5ec849409cf40833604f3782190
2016-04-26 12:49:09.326513,RECV,31a8fccf2d6cbf5efe0c76fb3ac30727
2016-04-26 12:49:09.331519,SEND,dd0ec23772451ed95123d681439ff35e
2016-04-26 12:49:09.339530,SEND,ae33516c37499186a6fdd3967480996e
2016-04-26 12:49:09.378564,RECV,d1e79c385784f9d0ba8da5983c0345d5
2016-04-26 12:49:09.391579,SEND,4072f9149ab0ce015ef92006f5784d2e
2016-04-26 12:49:09.409595,RECV,5328c2e9af97a6a87f1c594a475c4c29
2016-04-26 12:49:09.423076,SEND,8f6c44003485a564e1aa4b2e384accfe
2016-04-26 12:49:09.429614,RECV,3e0e7e1769febdb5db8b9ec252e60498
2016-04-26 12:49:09.444633,SEND,f1108cbfd70fa26e30f6c2dd95322aba
2016-04-26 12:49:09.481667,RECV,66b753fa728dcbc9e9a7d68c667a8951
2016-04-26 12:49:09.494689,SEND,40c6c5315aa6c6d1a96575f499e2bca2
2016-04-26 12:49:09.499685,RECV,f330e826de73b8a67ed57b60e8a6bb33
2016-04-26 12:49:09.520706,RECV,d8b80db52ee8696da931d4a0b3e00e98
2016-04-26 12:49:09.526457,SEND,8c4c8017e93bee690c690e3288e0c951
2016-04-26 12:49:09.533728,SEND,14f79c7a938293c00581d450930dd8a8
2016-04-26 12:49:09.577761,RECV,d8a08505f2dc45258ea84fb0baefbc1e
2016-04-26 12:49:09.585773,RECV,dbb603ed696711fc43a1143bb2db30bf
2016-04-26 12:49:09.603793,SEND,3dcd02942dbcda39fbaa9c0adbe4bd17
2016-04-26 12:49:09.612511,SEND,c0635e98edf7e592a437a3dd6dbd6dab
2016-04-26 12:49:09.651838,RECV,55329e18514dce5f91d4652beb654207
2016-04-26 12:49:09.669855,RECV,e1c5774db0d2bd176963dc23f77be312
2016-04-26 12:49:09.679016,SEND,e7aa9ec1cd32e330c724416dca5aa36b
2016-04-26 12:49:09.695882,SEND,99f3d2e11e38e182e9bd36856dbdc860
2016-04-26 12:49:09.703892,RECV,cd7bb880126ebb71e903f4ddb575f271
2016-04-26 12:49:09.729192,SEND,07387f1de298b504d2bd938af04df42d
2016-04-26 12:49:09.747933,RECV,577ce8d7b4d4b083d9339a89e3251e73
2016-04-26 12:49:09.768952,RECV,0da7a7b3fe3041828471ebf1fc49b04f
2016-04-26 12:49:09.774335,SEND,e4a5f5ba2531de53cc1ca09dd7775670
2016-04-26 12:49:09.783798,SEND,560b58822ecc2ac68ce738968a5e369d
2016-04-26 12:49:09.834019,RECV,49e4a6009e03fd39b66aa107601cf80a
2016-04-26 12:49:09.852036,RECV,586019e6075d984c211ce7120b9b7395
2016-04-26 12:49:09.859665,SEND,7a5dce09aa34fb314d44bd629d43316a
2016-04-26 12:49:09.865052,SEND,de8075c33b45683c688a290ad6ec9391
2016-04-26 12:49:09.899082,RECV,cf86de25c73f8d8286d6b4e67506b63d
2016-04-26 12:49:09.912101,SEND,3cf8fc64cb5fa2147d0fe64e6b267eeb
2016-04-26 12:49:09.938121,RECV,eb45092f7fbeb177628557862f3597ad
2016-04-26 12:49:09.943127,RECV,63aca983c28523b86101bb30934d8847
2016-04-26 12:49:09.956142,SEND,1fd2087c296cd627d25eaaf5483f6d7b
2016-04-26 12:49:09.964069,SEND,129a5e86232abe6b1ee44bea4b2ca72e
2016-04-26 12:49:10.004190,RECV,045d163fcfffb0df46d0c59ec7e4454f
2016-04-26 12:49:10.030221,SEND,bea89b0e8659e00d4694355c665bb277
2016-04-26 12:49:10.061248,RECV,895b4b9a5b317a0b204f5cb42e9b6731
2016-04-26 12:49:10.069254,RECV,00032bb604fcc0aec0076cfd60b212fa
2016-04-26 12:49:10.087454,SEND,aa8db8110d86a7227010ff8dd639fbb3
2016-04-26 12:49:10.110299,SEND,e5e3e5b8cdbbb903e26ba231e665e382
2016-04-26 12:49:10.160341,RECV,13f3f4e71874aff5fc86c414d2033c20
2016-04-26 12:49:10.178361,RECV,f0b8a38cbfb351336fd40c94d38a8d0a
2016-04-26 12:49:10.185812,SEND,0462576d5a64be0fef4ac851614ebaed
2016-04-26 12:49:10.204880,SEND,58676964d8083227a1da8b99881cc957
2016-04-26 12:49:10.225409,RECV,abe2b5a15835b163a75ab84249a65154
2016-04-26 12:49:10.251051,SEND,0da10a02799ed8ae52c765d809e2c7b1
2016-04-26 12:49:10.256442,RECV,6a1f55f93c5af4294ec90718ef191b7c
2016-04-26 12:49:10.270111,SEND,50a2a9ed5a2e5db2f2f94a23b03edab3
2016-04-26 12:49:10.290476,RECV,d8398abb079224bbc8f3fd642967d168
2016-04-26 12:49:10.308492,RECV,62cdc301e899a99a1a39bf6fc4a18feb
2016-04-26 12:49:10.316299,SEND,a28532b1a2d20fa5a26d8b1537c1367d
2016-04-26 12:49:10.347537,SEND,b5accb9b826a160fad894dd9f45a8407
2016-04-26 12:49:10.355462,RECV,28cfc9b99d65fb497bf8eebe74ac8829
2016-04-26 12:49:10.381546,SEND,c7ef4ffee16d03dc3f921c253dd42cf9
2016-04-26 12:49:10.413596,RECV,6f75c8489d92946bda4edc9ff97eba50
2016-04-26 12:49:10.421605,RECV,3b0b0e3deadd209b3a3f5d501683505d
2016-04-26 12:49:10.426656,SEND,a4bb9ff3d0de9bd0e5e25fadfa865a1f
2016-04-26 12:49:10.446708,SEND,feff1b5f09a72a12a99501aed223dc38
2016-04-26 12:49:10.504688,RECV,a8acee25525291db48c1aa8e4b74a284
2016-04-26 12:49:10.512696,RECV,169ec2a2e44374ba2b6b5e847161d056
2016-04-26 12:49:10.530944,SEND,4e6dbcd4f947cad8a7aca1f99f2c9fae
2016-04-26 12:49:10.540396,SEND,5e3bd8d1ff61eb9d1a956f095ae70356
2016-04-26 12:49:10.564748,RECV,59998d5b10d171e3536bc0a096f2a2f2
