Mean delay : 0.0125212933333
Std dev    : 0.0143955482514
Bin[0] = 91
Bin[1] = 125
Bin[2] = 6
Bin[3] = 1
Bin[4] = 0
Bin[5] = 0
Bin[6] = 0
Bin[7] = 0
Bin[8] = 0
Bin[9] = 0
Bin[10] = 2
Total packets  : 225
Total neg packets : 0
total_outlierpackets : 0
