2016-04-23 13:53:09.292165,SEND,02523957961e97f8aba46bc1cb16c0f0
2016-04-23 13:53:09.310067,SEND,6b9bcd6a500165087a57c659da301b3e
2016-04-23 13:53:09.426061,RECV,94b117876b4b8fe21218875eefe8e6bf
2016-04-23 13:53:09.492824,RECV,3a6abf3c3f246d5ba2c11cc5b34a7174
2016-04-23 13:53:09.523395,SEND,1fc012b0a6d4d32190e6fe1fd2df1f3b
2016-04-23 13:53:09.524392,RECV,027a91d3ce91dec01cd2f72770e24f04
2016-04-23 13:53:09.601467,SEND,bea21043d229b09be90f53ec285d94f8
2016-04-23 13:53:09.626168,SEND,d31d7aacca427be8c83af471165fcf3a
2016-04-23 13:53:09.658523,RECV,f019183953de2f7b4bed25cea3ac8267
2016-04-23 13:53:09.676278,RECV,fbc4d8cef96cbdd2159efb8aac5f8406
2016-04-23 13:53:09.703569,RECV,c42c9647a1c25db5dc68a5b3e2c4b7e3
2016-04-23 13:53:09.768015,SEND,f66ad447c61f83395a15155b488b09d3
2016-04-23 13:53:09.771654,SEND,5d37b96cc1d7782cb00146e7d24513f7
2016-04-23 13:53:09.784656,SEND,972e06851be34c7bbb5baa30e931214b
2016-04-23 13:53:09.832699,RECV,e74f8a891e8df9df6caafcc7de6c3a55
2016-04-23 13:53:09.846713,RECV,050a685b48117c457609108df2d43873
2016-04-23 13:53:09.888408,RECV,889ac9af6a7104ac3f3883664af7efa0
2016-04-23 13:53:09.906779,SEND,528848dc76a25550211993810fce252e
2016-04-23 13:53:09.908764,SEND,d838439b6d687894fb79ef51d03bd0cb
2016-04-23 13:53:09.972595,SEND,8cc2f519c2fc307e51518014d0096ec5
2016-04-23 13:53:10.028959,RECV,69344b9eb47820bd274ec450f3ef386e
2016-04-23 13:53:10.044910,RECV,e8801ca0301959c01a1e22a2220480db
2016-04-23 13:53:10.134189,SEND,b9a15eb47408eb24b121b5394aae7440
2016-04-23 13:53:10.137025,SEND,ed632c0d9e7655015721eae41f92cc14
2016-04-23 13:53:10.225093,RECV,b58f7d52f85678627fde4055e849b0f3
2016-04-23 13:53:10.237802,RECV,b1f54bfb1e58967e78a6dc2f754acc05
2016-04-23 13:53:10.241124,SEND,14d709fa442184fbecc5bb6febfd92bf
2016-04-23 13:53:10.242845,RECV,1000a21c191bec7963f90e224180a6a8
2016-04-23 13:53:10.321186,SEND,e397b18bd42b3c17edfcc422d82276dc
2016-04-23 13:53:10.380247,RECV,61da5954b66439f6fbc84e9ea2bb035c
2016-04-23 13:53:10.391544,SEND,36ba8d3ce96297ab83a786e7ac64f1a9
2016-04-23 13:53:10.488911,RECV,cf05e40a428ea58d6d263e17d8c6b321
2016-04-23 13:53:10.502369,SEND,1d138521397777414e4c789184f633b7
2016-04-23 13:53:10.529466,RECV,47e0a0cffb6492a7f904a32a38528b49
2016-04-23 13:53:10.581622,SEND,ca14fc4727cd99c3fd746d69130ae4da
2016-04-23 13:53:10.593806,RECV,5197fcb7631cf5b6625e5e93a11dc1ad
2016-04-23 13:53:10.699585,SEND,7f247fa6de5edecf938079e294972839
2016-04-23 13:53:10.702588,SEND,52a9882e7ab473c5f916d8e5d7124444
2016-04-23 13:53:10.703572,RECV,2ac9ab8f015475ccc61da96e0d4deccc
2016-04-23 13:53:10.792654,RECV,12a8e865abb99788b3af8536f0642d77
2016-04-23 13:53:10.854373,RECV,dbb0ea9ef82d6e3330a1dd7bcb2a3fee
2016-04-23 13:53:10.901772,SEND,e1ae615c0e8947ab11b17ebb7fa7de5b
2016-04-23 13:53:10.902778,SEND,ca1612d1cd8daeb068316b8b213c3204
2016-04-23 13:53:10.912880,SEND,09191bd612550e0a024abfa9e752f2ac
2016-04-23 13:53:11.019890,RECV,717fed4b78e764ef7406c26d22165427
2016-04-23 13:53:11.067611,RECV,5a64a45158df1862fc83c659c7b92658
2016-04-23 13:53:11.114988,RECV,8657b086333c1f4ac2aa61b13c06e0a8
2016-04-23 13:53:11.125719,SEND,7037905f9b239f7b7c4b2dcee2f2cf97
2016-04-23 13:53:11.127998,SEND,abfe4cc4226926dd2de124dab689ab45
2016-04-23 13:53:11.177113,SEND,f4bb445b3bb0720e8b5fc2ec62a92daa
2016-04-23 13:53:11.191061,RECV,cb0915f8a96ba5381714db3ae0d5db43
2016-04-23 13:53:11.223542,RECV,c8f9d469a3bab0d07c6e2bd222db6ce4
2016-04-23 13:53:11.284644,SEND,e9461ac779c3eb6f56b9844c82269f9b
2016-04-23 13:53:11.285834,SEND,f33357933005d2a8f7a8580ded97e7df
2016-04-23 13:53:11.373119,RECV,9cafed8e93ccf452a626eb9111a2adcf
2016-04-23 13:53:11.390261,RECV,15932d793a4a2bb8eae0ac5e1b86bb65
2016-04-23 13:53:11.404275,SEND,d4ccdfb8883cb889adcd02455a61b7f6
2016-04-23 13:53:11.451321,SEND,72081b542cd7c1934737c850ffe0190d
2016-04-23 13:53:11.524391,RECV,87144c67748209016ca65cad959e8602
2016-04-23 13:53:11.526391,RECV,6dd7b0034fac0cc3003ae47fd56ffa08
2016-04-23 13:53:11.528393,RECV,98e57360062487af458ec6dbc927987f
2016-04-23 13:53:11.556649,SEND,cf6bf921818c761ce778a96d12cfe765
2016-04-23 13:53:11.558428,SEND,61c13f9686cee3e186e398b09589daa8
2016-04-23 13:53:11.600471,SEND,f9727540afd73ca0ada49cfbc7ebe8eb
2016-04-23 13:53:11.676829,RECV,cd72eecec591ae52cfafbc23f90d30c2
2016-04-23 13:53:11.711575,RECV,8df431b163300c323a41e8b9828b9694
2016-04-23 13:53:11.913784,SEND,7ad4b374df4c963def8dba54379173e9
2016-04-23 13:53:12.065931,RECV,21d315dc75f6d412d7418d7539f7eb43
2016-04-23 14:04:00.955045,SEND,b2c2942f747fe8a93fd1cda4661730cd
