2016-04-23 13:53:09.539965,SEND,000ac3fa85dafe2f5c42ad3c22a88168
2016-04-23 13:53:09.552443,SEND,3cc4227ed8b8e0fdf68f8da0d3881941
2016-04-23 13:53:09.646172,RECV,86ec07346a00931d61ab3d3a651dd3ff
2016-04-23 13:53:09.717621,SEND,c1700f021628d4fa17b06471f3ab9883
2016-04-23 13:53:09.744619,RECV,e1ee4b8f9efdf61c2839a62bac8b5427
2016-04-23 13:53:09.780015,RECV,a44b900ff35fc79222e56c77f9bccff7
2016-04-23 13:53:09.809814,SEND,254838ca7bf082b041d9f7c17af66cbe
2016-04-23 13:53:09.928794,SEND,9c06e48c97a602fdd9f78d6af50080c2
2016-04-23 13:53:09.944701,RECV,9e7618322da5f8975e9ab5e2112e63e8
2016-04-23 13:53:09.977285,SEND,ad48317b8f28e8ac58ff02d1e5582fa0
2016-04-23 13:53:10.023890,RECV,536d83c736bf3bce7f42f14d91dc672c
2016-04-23 13:53:10.051765,RECV,d6104c4ebcfe0f52454d6814fc98c8bf
2016-04-23 13:53:10.064946,RECV,06b07182b7d5e5426d4990aefda72a88
2016-04-23 13:53:10.085350,SEND,a2818dfe75c363d5d345dc62f13020fd
2016-04-23 13:53:10.128997,SEND,f460d7b6c8e3d0e770a5010fe0d062f7
2016-04-23 13:53:10.157581,SEND,3a0779cd7b7f438b8cc79769a0a87f6b
2016-04-23 13:53:10.175045,RECV,bb428008bc3ec8e11db8aed1f44bdad1
2016-04-23 13:53:10.232098,RECV,3c8c524730ccb842f3cdacd080504a9f
2016-04-23 13:53:10.294829,SEND,3942f7b3beb448b48d0e1bdb1e4466a8
2016-04-23 13:53:10.296315,SEND,d76ddeb643613ed015f9931dd866ea40
2016-04-23 13:53:10.300167,RECV,546d7d8d8e43b17978cf31e9078817d1
2016-04-23 13:53:10.330212,SEND,09298a705dd8d578e0d6d57b99799f64
2016-04-23 13:53:10.401268,RECV,273692c14e1831ad6446d6ecd5f33949
2016-04-23 13:53:10.403270,RECV,2f1bc8dc279eced705c98781b50650d7
2016-04-23 13:53:10.431325,SEND,c12c29743a891f1276b9647d2d8c57c0
2016-04-23 13:53:10.452319,RECV,f54f5ede5cb83dcb7261acf3ba9476c8
2016-04-23 13:53:10.557437,SEND,951409d6074685983a02140dedc0476e
2016-04-23 13:53:10.589470,SEND,3a706f41cffcd3927562bbd52bb812fb
2016-04-23 13:53:10.661530,RECV,6bf5bc884a395f6dd14c47b6b1a35fab
2016-04-23 13:53:10.691985,SEND,ee23d4a95c8b677c95e35fee7823f5aa
2016-04-23 13:53:10.738896,RECV,81e4f166df3e1a1b2f7a35dedf8f4567
2016-04-23 13:53:10.753048,RECV,fe0c6718eb174065c29f1721b5b9d042
2016-04-23 13:53:10.787653,RECV,d99edf22157698527597217930b1a46a
2016-04-23 13:53:10.815954,SEND,0e15227f842ece0d8e2fc97caee3f0b6
2016-04-23 13:53:10.936815,RECV,efe80cde39e63d9a495d98edb18a035b
2016-04-23 13:53:11.041934,SEND,ac68546d504c18d4b2c44c5ed1458f3e
2016-04-23 13:53:11.043926,SEND,59b1bdeb1930365fa5608910e4da5489
2016-04-23 13:53:11.061933,SEND,fb860ccdd1aeb502f25099a2abe548fe
2016-04-23 13:53:11.091957,RECV,1030a246663bf88d94e6dcc7e6dadcb8
2016-04-23 13:53:11.124671,RECV,faeaa1307e218b6de2c404ea4b5f9965
2016-04-23 13:53:11.167032,RECV,7bf910e43ab992dd9d404bba3603a1ac
2016-04-23 13:53:11.185531,SEND,ab7322f9bf9bfbd35cc92bb03a9bfaac
2016-04-23 13:53:11.216115,SEND,ebbb7db5386be193d6cc2fc92ddbb4ce
2016-04-23 13:53:11.263131,RECV,0b2ece398c40f3017f0f74c4a4e5cbe6
2016-04-23 13:53:11.307175,RECV,a72052534ef0cc2b3307c7c78c1a4e11
2016-04-23 13:53:11.326187,SEND,bd740b477682afd495408f8e1fea685b
2016-04-23 13:53:11.337205,SEND,dbfb12665915b8498debd5e786292d9b
2016-04-23 13:53:11.369158,SEND,50d05a3e3f5b98480fd6f46dcf70b530
2016-04-23 13:53:11.384979,RECV,1ce1e13d8a31199c1e1fdb39a111cf53
2016-04-23 13:53:11.397971,RECV,bf7d29482c78d9e64fa47ac589a835db
2016-04-23 13:53:11.433299,SEND,04114c93d0c1003d6f3cc738d0a1fda7
2016-04-23 13:53:11.507411,RECV,f97abb6d509c9ba40495cac09affabb8
2016-04-23 13:53:11.552417,RECV,06d52aed260b2f8c414e7e6bc4d37987
2016-04-23 13:53:11.580446,SEND,d2220270a79555e4729396fca0747ae6
2016-04-23 13:53:11.599469,SEND,8bfdd9c9bb40ff749317e25714359845
2016-04-23 13:53:11.625535,RECV,315dc84016ed0823c47ad607acb246cd
2016-04-23 13:53:11.628510,SEND,0878e8f1f32e48b7ea1cd267c82bb184
2016-04-23 13:53:11.688553,SEND,2e9259b48c0df8defecea19f9f2143f5
2016-04-23 13:53:11.736601,RECV,18f6866a04ff0e64b86a2a279733a2f8
2016-04-23 13:53:11.753623,RECV,f1f2b917455e6bf895a107ead0de3039
2016-04-23 13:53:11.765629,RECV,af1638fcf56846d49b74195cf57e201b
2016-04-23 13:53:11.782649,SEND,c8d4d18592c77db40950798e70a752aa
2016-04-23 13:53:11.784654,SEND,5e575abe1d80b469d9474f7a4728fa12
2016-04-23 13:53:11.874741,RECV,abe25affcc27b7aadc316fbf4ed5a51c
2016-04-23 13:53:11.889841,SEND,b64a677e8c7f71c5f0d13bebc58b9a09
2016-04-23 13:53:11.921810,SEND,540bca4a86ddccf5fb7e48e59c35f404
2016-04-23 13:53:12.072940,RECV,d1212e165f5b776a9265dc05bb2ddf9c
