2016-04-23 13:53:09.293166,SEND,f92edd9c77191c8045f42275436255fb
2016-04-23 13:53:09.377068,SEND,da61d9c1b8df3662e2332c2489583c36
2016-04-23 13:53:09.405134,RECV,da61d9c1b8df3662e2332c2489583c36
2016-04-23 13:53:09.575375,SEND,6ce6d98e8ae229d08f1f988b43f1bb5d
2016-04-23 13:53:09.576443,RECV,6ce6d98e8ae229d08f1f988b43f1bb5d
2016-04-23 13:53:09.653022,SEND,473ecd62dbd50a8aab17bb2e1f87b14b
2016-04-23 13:53:09.666533,RECV,473ecd62dbd50a8aab17bb2e1f87b14b
2016-04-23 13:53:09.726822,SEND,5214e8f6b72fb6d2f230cc5d6a191cec
2016-04-23 13:53:09.728596,RECV,5214e8f6b72fb6d2f230cc5d6a191cec
2016-04-23 13:53:09.744615,SEND,55e5def4fbbfdef1f76e102a0c7811b5
2016-04-23 13:53:09.757626,RECV,55e5def4fbbfdef1f76e102a0c7811b5
2016-04-23 13:53:09.863024,SEND,7c8fd8e2e2462301c8868a9ef80a3e69
2016-04-23 13:53:09.865736,RECV,7c8fd8e2e2462301c8868a9ef80a3e69
2016-04-23 13:53:09.986137,SEND,7f6c28a0d16b9d8addb2c327187d6d18
2016-04-23 13:53:10.016883,RECV,7f6c28a0d16b9d8addb2c327187d6d18
2016-04-23 13:53:10.050310,RECV,ac10b6da1e511be928afb2b2810fa9e5
2016-04-23 13:53:10.061945,SEND,ac10b6da1e511be928afb2b2810fa9e5
2016-04-23 13:53:10.204085,SEND,3ca552ad6f87905825b1c1aa50715e90
2016-04-23 13:53:10.218531,RECV,3ca552ad6f87905825b1c1aa50715e90
2016-04-23 13:53:10.310175,SEND,7909c7b6808fd32e57fc0ac827a39da2
2016-04-23 13:53:10.327172,RECV,7909c7b6808fd32e57fc0ac827a39da2
2016-04-23 13:53:10.418955,SEND,2546611284c6504eb72f22a7be212ea5
2016-04-23 13:53:10.447141,RECV,2546611284c6504eb72f22a7be212ea5
2016-04-23 13:53:10.568659,SEND,00b5c911fc0e8423845f94c508fa9c36
2016-04-23 13:53:10.585896,RECV,00b5c911fc0e8423845f94c508fa9c36
2016-04-23 13:53:10.740616,SEND,8a1635b48c00a5c1f82c87f5baff5f24
2016-04-23 13:53:10.753619,RECV,8a1635b48c00a5c1f82c87f5baff5f24
2016-04-23 13:53:10.813342,SEND,6db20d23c8945d5f0841142a2cd247fa
2016-04-23 13:53:10.830695,RECV,6db20d23c8945d5f0841142a2cd247fa
2016-04-23 13:53:10.922796,SEND,2332d0bae9402aa84a2988fc8bfff2ec
2016-04-23 13:53:10.981643,RECV,2332d0bae9402aa84a2988fc8bfff2ec
2016-04-23 13:53:11.060063,SEND,a5d8fa5333d26c35e2a2a43a2dafa820
2016-04-23 13:53:11.092958,RECV,a5d8fa5333d26c35e2a2a43a2dafa820
2016-04-23 13:53:11.259122,SEND,848bd99e0f7db2d5deb7208fc95fc9c5
2016-04-23 13:53:11.301612,RECV,848bd99e0f7db2d5deb7208fc95fc9c5
2016-04-23 13:53:11.362675,SEND,8fe216b0be19670064e3e53563cfc918
2016-04-23 13:53:11.366231,RECV,8fe216b0be19670064e3e53563cfc918
2016-04-23 13:53:11.501233,SEND,a392d8fbdd77828086621805cfadc3f3
2016-04-23 13:53:11.529995,RECV,a392d8fbdd77828086621805cfadc3f3
2016-04-23 13:53:11.591230,SEND,9fdde13136d91dde31bbd2ffcf00ebdd
2016-04-23 13:53:11.610476,RECV,9fdde13136d91dde31bbd2ffcf00ebdd
2016-04-23 13:53:11.729599,SEND,8a229b55f56d9077323cfec4f5412925
2016-04-23 13:53:11.744610,RECV,8a229b55f56d9077323cfec4f5412925
2016-04-23 13:53:11.851741,SEND,81ca92a91f34b0726a694b69b05607a9
2016-04-23 13:53:11.898765,RECV,81ca92a91f34b0726a694b69b05607a9
