2016-04-23 13:53:09.393386,SEND,adf1ec1a1a2256585386fd2e7219cda7
2016-04-23 13:53:09.408858,RECV,adf1ec1a1a2256585386fd2e7219cda7
2016-04-23 13:53:09.442721,SEND,d97c099713c9be905c33520ec490ee1a
2016-04-23 13:53:09.515389,SEND,7a18765b7f0d37fd5fe9fc113bfbe4f4
2016-04-23 13:53:09.624494,RECV,7a18765b7f0d37fd5fe9fc113bfbe4f4
2016-04-23 13:53:09.760963,SEND,4381e6bda500cbd9bb77f5b2577da0f6
2016-04-23 13:53:09.774641,RECV,4381e6bda500cbd9bb77f5b2577da0f6
2016-04-23 13:53:09.926794,SEND,cc35810c94bee6df7ae0c0030b6f08a8
2016-04-23 13:53:09.942826,RECV,cc35810c94bee6df7ae0c0030b6f08a8
2016-04-23 13:53:10.018618,SEND,a3a40e4d6bec1a56deff2afe4e105261
2016-04-23 13:53:10.032901,RECV,a3a40e4d6bec1a56deff2afe4e105261
2016-04-23 13:53:10.216082,SEND,8e5fd1cd37a6b498cd2d194ff32ddffe
2016-04-23 13:53:10.264130,RECV,8e5fd1cd37a6b498cd2d194ff32ddffe
2016-04-23 13:53:10.294704,SEND,d03fdc28078dd7b6528190eebbc3bba3
2016-04-23 13:53:10.306172,RECV,d03fdc28078dd7b6528190eebbc3bba3
2016-04-23 13:53:10.523390,SEND,2d3f549e1edfbea87605fb993a879e64
2016-04-23 13:53:10.525392,RECV,2d3f549e1edfbea87605fb993a879e64
2016-04-23 13:53:10.555438,SEND,bf7f0906c895b9fed0ee542675b48368
2016-04-23 13:53:10.568445,RECV,bf7f0906c895b9fed0ee542675b48368
2016-04-23 13:53:10.629494,SEND,9ed18254217a9d27c75d9865cd1b3e44
2016-04-23 13:53:10.644591,RECV,9ed18254217a9d27c75d9865cd1b3e44
2016-04-23 13:53:10.674723,SEND,a9f283111f902bf31877da49e34b323f
2016-04-23 13:53:10.688557,RECV,a9f283111f902bf31877da49e34b323f
2016-04-23 13:53:10.750132,SEND,c4c398fb6fc49e1656d56553a840fea0
2016-04-23 13:53:10.752620,RECV,c4c398fb6fc49e1656d56553a840fea0
2016-04-23 13:53:10.797668,SEND,79530f1c4db86805abb7b9e5fd5136c7
2016-04-23 13:53:10.811675,RECV,79530f1c4db86805abb7b9e5fd5136c7
2016-04-23 13:53:10.932823,SEND,1eb04d92fed5d12abcc12a327b211f48
2016-04-23 13:53:10.935823,RECV,1eb04d92fed5d12abcc12a327b211f48
2016-04-23 13:53:10.981852,SEND,14fc7aa0f52dbcf286395d4cbe1012fd
2016-04-23 13:53:10.993872,RECV,14fc7aa0f52dbcf286395d4cbe1012fd
2016-04-23 13:53:11.100965,SEND,7751eec845e2ac57239009d50a04ca2d
2016-04-23 13:53:11.102971,RECV,7751eec845e2ac57239009d50a04ca2d
2016-04-23 13:53:11.162370,SEND,e122efc2426b320012e934bdf5880d16
2016-04-23 13:53:11.176448,RECV,e122efc2426b320012e934bdf5880d16
2016-04-23 13:53:11.251255,SEND,d089493cedc79f071ebb26bf34d98f71
2016-04-23 13:53:11.254119,RECV,d089493cedc79f071ebb26bf34d98f71
2016-04-23 13:53:11.314345,SEND,c28d91256341b6d892e6b4f36f2b59c2
2016-04-23 13:53:11.328193,RECV,c28d91256341b6d892e6b4f36f2b59c2
2016-04-23 13:53:11.400184,SEND,ce5d9e4ed43020a701b1f08aae22a0fe
2016-04-23 13:53:11.406297,RECV,ce5d9e4ed43020a701b1f08aae22a0fe
2016-04-23 13:53:11.439310,SEND,2b810091e4f0082893023ce28da5ca20
2016-04-23 13:53:11.451317,RECV,2b810091e4f0082893023ce28da5ca20
2016-04-23 13:53:11.559423,SEND,4537e6151036a0e3a4b0837e76493ca7
2016-04-23 13:53:11.560647,RECV,4537e6151036a0e3a4b0837e76493ca7
2016-04-23 13:53:11.685565,SEND,0a7646f89a61c77cbc678ef9ecc260ab
2016-04-23 13:53:11.697563,RECV,0a7646f89a61c77cbc678ef9ecc260ab
2016-04-23 13:53:11.743759,SEND,33e993e6da68e9b5dee208eacf59b3d2
2016-04-23 13:53:11.760021,RECV,33e993e6da68e9b5dee208eacf59b3d2
2016-04-23 13:53:11.834698,RECV,890570b64467d4e15bd0b8dfe3c964be
2016-04-23 13:53:11.837121,SEND,890570b64467d4e15bd0b8dfe3c964be
2016-04-23 14:04:02.130960,SEND,ba9543595aa4b32cef57d4775dfc78cc
