2016-04-23 13:53:09.315191,SEND,cbc39dee295cf4501f96bdd7fd46c657
2016-04-23 13:53:09.338228,SEND,eb83b7a5c1bdf4fabc5d3fd4f2f1b897
2016-04-23 13:53:09.480348,RECV,cbc39dee295cf4501f96bdd7fd46c657
2016-04-23 13:53:09.687552,SEND,b1024877f1ef84a44775fb8c2559b163
2016-04-23 13:53:09.693678,RECV,b1024877f1ef84a44775fb8c2559b163
2016-04-23 13:53:09.741628,SEND,8cfb4245faaa84369178bee178b12310
2016-04-23 13:53:09.753621,RECV,8cfb4245faaa84369178bee178b12310
2016-04-23 13:53:09.856505,SEND,c4f23f0d399d442ff982050ace07d811
2016-04-23 13:53:09.848715,RECV,c4f23f0d399d442ff982050ace07d811
2016-04-23 13:53:09.908792,SEND,1ffac4d4d95e2954f776072a1c3200fe
2016-04-23 13:53:09.921788,RECV,1ffac4d4d95e2954f776072a1c3200fe
2016-04-23 13:53:09.937803,SEND,28f71f3dcc8ad3dd543dc4954aec4ecb
2016-04-23 13:53:09.969540,RECV,28f71f3dcc8ad3dd543dc4954aec4ecb
2016-04-23 13:53:10.044910,RECV,005693fe080069d3226eea542bcbebbd
2016-04-23 13:53:10.045916,SEND,005693fe080069d3226eea542bcbebbd
2016-04-23 13:53:10.104970,SEND,42a1e4ea795a0728bcb68f67f11b8a1d
2016-04-23 13:53:10.107192,RECV,42a1e4ea795a0728bcb68f67f11b8a1d
2016-04-23 13:53:10.183055,SEND,d397e857438f090da6f364f1c531c7a5
2016-04-23 13:53:10.197062,RECV,d397e857438f090da6f364f1c531c7a5
2016-04-23 13:53:10.426772,SEND,73a8c74196685a13b8436a67e0397193
2016-04-23 13:53:10.458103,RECV,73a8c74196685a13b8436a67e0397193
2016-04-23 13:53:10.563434,RECV,b9f1253e57e78be8f615aa03c8355d3d
2016-04-23 13:53:10.582218,SEND,b9f1253e57e78be8f615aa03c8355d3d
2016-04-23 13:53:11.052989,SEND,70e8eab86b7d858f9d0cb75f5a503fa1
2016-04-23 13:53:11.069241,RECV,70e8eab86b7d858f9d0cb75f5a503fa1
2016-04-23 13:53:11.147011,SEND,fa33448d31e452d1d7b9f866b1dceb97
2016-04-23 13:53:11.161027,RECV,fa33448d31e452d1d7b9f866b1dceb97
2016-04-23 13:53:11.298162,SEND,41e28cce7f0105d5f35fb59bc6c6ea8c
2016-04-23 13:53:11.345761,RECV,41e28cce7f0105d5f35fb59bc6c6ea8c
2016-04-23 13:53:11.407884,SEND,f1689460505e1a89d74865ae47190f48
2016-04-23 13:53:11.421292,RECV,f1689460505e1a89d74865ae47190f48
2016-04-23 13:53:11.466515,SEND,471a96c44aaa57758642d94ee42e6285
2016-04-23 13:53:11.482599,RECV,471a96c44aaa57758642d94ee42e6285
2016-04-23 13:53:11.530194,SEND,e31660cbd8b476ba0603d3174212deed
2016-04-23 13:53:11.543414,RECV,e31660cbd8b476ba0603d3174212deed
2016-04-23 13:53:11.603915,SEND,ea556d52b170d93b88f2fd50639bcf5b
2016-04-23 13:53:11.620186,RECV,ea556d52b170d93b88f2fd50639bcf5b
2016-04-23 13:53:11.650420,SEND,fd5991c134caae1b3e72af57c32edd52
2016-04-23 13:53:11.663528,RECV,fd5991c134caae1b3e72af57c32edd52
2016-04-23 13:53:11.726606,SEND,cc0a3cb87036327a0eafec1306230edf
2016-04-23 13:53:11.741926,RECV,cc0a3cb87036327a0eafec1306230edf
2016-04-23 13:53:11.787693,SEND,baf50681a97875ca379cf70902125258
2016-04-23 13:53:11.803075,RECV,baf50681a97875ca379cf70902125258
2016-04-23 13:53:12.125214,SEND,93babc6e18dcd96db570b56a8dc9a5e9
2016-04-23 13:53:12.157022,RECV,93babc6e18dcd96db570b56a8dc9a5e9
