2016-04-23 13:53:09.327295,SEND,36ba6cf4499ccba8609c47a68dd1db7b
2016-04-23 13:53:09.402275,SEND,89932cf8659337a64027e8591b480a7f
2016-04-23 13:53:09.460225,RECV,89932cf8659337a64027e8591b480a7f
2016-04-23 13:53:09.692861,SEND,d45eb6267964199a7702373a0c037eaf
2016-04-23 13:53:09.694564,RECV,d45eb6267964199a7702373a0c037eaf
2016-04-23 13:53:09.772561,SEND,b3a8de5f901989ef44d352f8cbb713e8
2016-04-23 13:53:09.829697,RECV,b3a8de5f901989ef44d352f8cbb713e8
2016-04-23 13:53:09.861746,SEND,d2238de57735d57206dfb0474c1ef25a
2016-04-23 13:53:09.863734,RECV,d2238de57735d57206dfb0474c1ef25a
2016-04-23 13:53:10.031917,SEND,f40f0ad973d2f163fcaaf902351cc2e5
2016-04-23 13:53:10.044665,RECV,f40f0ad973d2f163fcaaf902351cc2e5
2016-04-23 13:53:10.184050,RECV,b226d6a77a89cbfe96a992f57f167360
2016-04-23 13:53:10.197070,SEND,b226d6a77a89cbfe96a992f57f167360
2016-04-23 13:53:10.259262,SEND,998b79bc4b03f6d85da9fd46d1e82ea5
2016-04-23 13:53:10.274136,RECV,998b79bc4b03f6d85da9fd46d1e82ea5
2016-04-23 13:53:10.332996,SEND,2aef16909b7f8819b75c312ed29822a3
2016-04-23 13:53:10.336205,RECV,2aef16909b7f8819b75c312ed29822a3
2016-04-23 13:53:10.396280,SEND,b791abbfcd2b86f8f1105a04dcb6c9d3
2016-04-23 13:53:10.410277,RECV,b791abbfcd2b86f8f1105a04dcb6c9d3
2016-04-23 13:53:10.531404,SEND,b50da835a1908dcdd815307857df3676
2016-04-23 13:53:10.550041,RECV,b50da835a1908dcdd815307857df3676
2016-04-23 13:53:10.595477,SEND,cdc6ef393a426f1df553fa5fbaea0c8c
2016-04-23 13:53:10.624494,RECV,cdc6ef393a426f1df553fa5fbaea0c8c
2016-04-23 13:53:10.714586,SEND,86790cad0c91ec249d2bc076d1e5ec36
2016-04-23 13:53:10.731119,RECV,86790cad0c91ec249d2bc076d1e5ec36
2016-04-23 13:53:10.823791,SEND,aa37315b3351ad23707042eb94b008ff
2016-04-23 13:53:10.837703,RECV,aa37315b3351ad23707042eb94b008ff
2016-04-23 13:53:11.021895,SEND,89c55317b39b8f76089f909ed4da6977
2016-04-23 13:53:11.037076,RECV,89c55317b39b8f76089f909ed4da6977
2016-04-23 13:53:11.158655,SEND,9f36dce14a1a2d9170bea26d69750e0e
2016-04-23 13:53:11.171409,RECV,9f36dce14a1a2d9170bea26d69750e0e
2016-04-23 13:53:11.247651,SEND,72c100b826847588a1a339b56c7d2cae
2016-04-23 13:53:11.251116,RECV,72c100b826847588a1a339b56c7d2cae
2016-04-23 13:53:11.342226,SEND,09d3013a1b759387ebdc78e49858a61f
2016-04-23 13:53:11.369235,RECV,09d3013a1b759387ebdc78e49858a61f
2016-04-23 13:53:11.416288,SEND,33849d62fd4793e62d07bbb5fc99aba1
2016-04-23 13:53:11.431863,RECV,33849d62fd4793e62d07bbb5fc99aba1
2016-04-23 13:53:11.585648,SEND,1fb566da839823072c4bdd68e4a526f8
2016-04-23 13:53:11.613698,RECV,1fb566da839823072c4bdd68e4a526f8
2016-04-23 13:53:11.720581,SEND,b11d60d12ad062c726264f25714e8753
2016-04-23 13:53:11.723603,RECV,b11d60d12ad062c726264f25714e8753
2016-04-23 13:53:11.753898,SEND,0521ad7cc52e1b642a31b92d2a01cb85
2016-04-23 13:53:11.766836,RECV,0521ad7cc52e1b642a31b92d2a01cb85
2016-04-23 14:04:00.344419,SEND,8b7257ef82d0d0064c81c53b03d6843d
