2016-04-23 13:53:09.296435,SEND,e104221f89bc074b33db091a23fa4ac4
2016-04-23 13:53:09.309224,SEND,4f8221e6ea34aa04fc46d49024783ea0
2016-04-23 13:53:09.369235,RECV,56453c496b0df6683cd22d5cb0dd13b7
2016-04-23 13:53:09.463330,SEND,958263b336ce719f28d5885693ba5b20
2016-04-23 13:53:09.464332,RECV,f59bf668ceefbbf4fcf17d3bd14ce07f
2016-04-23 13:53:09.511791,RECV,590ca8dd1eeba4e04245d395e7edc202
2016-04-23 13:53:09.553423,RECV,2284934efa1a35ab6ac19ba659d20caa
2016-04-23 13:53:09.599531,SEND,cfd9d8db82341a512e2b2115a99842fe
2016-04-23 13:53:09.615574,SEND,7d352b00182d116dd7d9c98fe95e2a48
2016-04-23 13:53:09.632606,SEND,19148e6151b1784182059316ea0a00e7
2016-04-23 13:53:09.691554,RECV,2b2bdd310db15ae0ef06ca7e92b1c9bf
2016-04-23 13:53:09.723590,RECV,b25f5bd329c3528d59d96abbb14fd025
2016-04-23 13:53:09.769652,SEND,11d648afa21056ec5711c5819aef5b14
2016-04-23 13:53:09.770259,RECV,2ccda9364526710d1715cf6d543ec36f
2016-04-23 13:53:09.890341,RECV,6a9dbdde2dc98b9e4fabde1d1d435f31
2016-04-23 13:53:09.947833,SEND,94624487b005b90bf5577b6e7ec01411
2016-04-23 13:53:09.950836,SEND,4b1cc42c0ab1a07714cae7b6d2d95ec1
2016-04-23 13:53:09.951568,SEND,1f6c3f1b04b44ff50776967edc8c318a
2016-04-23 13:53:10.070918,RECV,35c2a84b31040eb93023827c8522b681
2016-04-23 13:53:10.160747,RECV,e723609331d9a678532fa1e988733508
2016-04-23 13:53:10.210548,SEND,85ef463417d79a87375c0188f2a99d86
2016-04-23 13:53:10.212085,RECV,9d5c185dc8caddd94da517f2738f8ff4
2016-04-23 13:53:10.293317,RECV,76eb6d94104ba20fe0ddd20d27d00788
2016-04-23 13:53:10.305174,SEND,9acf29152dc6836d79dd47a751c0fb55
2016-04-23 13:53:10.361229,SEND,72f44a27832653fd4d582d35cca02643
2016-04-23 13:53:10.409807,SEND,f3e8540ff46ebf0b6a08976b57d7dedc
2016-04-23 13:53:10.436944,RECV,f1bbb577ad72cd8f276a0efb9c0f31d8
2016-04-23 13:53:10.487354,RECV,b9ed02767d5551b261f6c438ec4582d2
2016-04-23 13:53:10.513382,SEND,eeade605cd50421b7dcec78023438a78
2016-04-23 13:53:10.557425,RECV,b9c82524228c0706628172668e21c9b4
2016-04-23 13:53:10.577668,SEND,3e3d3b381bc21910f8b0c78a053aacf8
2016-04-23 13:53:10.606473,RECV,0a07dcddae9e445d00dc65a46ea115a0
2016-04-23 13:53:10.624479,RECV,e0a7c9e42f2f64d7921a05969323ef5c
2016-04-23 13:53:10.817685,SEND,1467a6d6e8c1b5698a56a94effe90020
2016-04-23 13:53:10.818638,SEND,14e54f8615ad36e097cf2e1018915e36
2016-04-23 13:53:10.912782,SEND,c3fabf8452473a19a5a9ab242b604f10
2016-04-23 13:53:10.924789,RECV,3aef42cbcc6ca961061714216c51867e
2016-04-23 13:53:11.049916,RECV,a45ac76a80f1b8f07aea405559f19f54
2016-04-23 13:53:11.077945,SEND,f879a8992d707f04072a208ccda0ff82
2016-04-23 13:53:11.095967,SEND,f381219acb3f314c1769775c11984904
2016-04-23 13:53:11.095996,RECV,c878f46c1f55d26f037f7c3b30b3431f
2016-04-23 13:53:11.129414,SEND,6c0bd3563804ce710e109ccd6173c294
2016-04-23 13:53:11.201064,RECV,6d694f2315d67819520863df1e143905
2016-04-23 13:53:11.202068,RECV,f47f4d290876a94824f5c26e3a4ef99a
2016-04-23 13:53:11.233657,RECV,7033be0500f433497375727ce723907f
2016-04-23 13:53:11.399262,SEND,6b613dcc27df4d1a7f4ff9237aa58ec6
2016-04-23 13:53:11.461941,SEND,cdc91add9d7eb6452aca9a794355bb72
2016-04-23 13:53:11.474337,RECV,2d586f459bff9ada7141fd6a4932996d
2016-04-23 13:53:11.506523,SEND,8e3884dc468271d31bc988b14dfe15bf
2016-04-23 13:53:11.554647,RECV,8978dfcad73ee59f17f7b3e3b483d461
2016-04-23 13:53:11.566309,SEND,313dae675bd0492a20423f140579433e
2016-04-23 13:53:11.690799,RECV,a8b94f1e08e524cffbaebbde25135eef
2016-04-23 13:53:11.721397,SEND,b61318e525d865b6cbc421c1a98654d1
2016-04-23 13:53:11.781656,SEND,05a55d3ae5264be3d909e0521fb845a4
2016-04-23 13:53:11.919796,RECV,da49e8e92965ad633739efe10071f22d
2016-04-23 13:53:12.144151,RECV,8e2f9c63c9f5ad01f385330c66364d32
