2016-04-23 13:53:09.344135,SEND,bb67fc0527714a39d279cad37e84417e
2016-04-23 13:53:09.368241,SEND,e5c0bdb75c4e2b8ca3a7105940e14745
2016-04-23 13:53:09.507375,RECV,2eb8675091a85d677bdba12fd59dd51e
2016-04-23 13:53:09.533400,RECV,23575da63f3f29756f4364485fd9a882
2016-04-23 13:53:09.560436,RECV,3cc4227ed8b8e0fdf68f8da0d3881941
2016-04-23 13:53:09.609483,SEND,622a34124dd9128d26840d84adeaba92
2016-04-23 13:53:09.637252,SEND,86ec07346a00931d61ab3d3a651dd3ff
2016-04-23 13:53:09.639510,SEND,69c80164b5d83aa98c3f5e3176db6d7d
2016-04-23 13:53:09.728595,RECV,c1700f021628d4fa17b06471f3ab9883
2016-04-23 13:53:09.838912,RECV,97d884cc85741e6ae9d3271e6a9044cb
2016-04-23 13:53:09.926797,SEND,9e7618322da5f8975e9ab5e2112e63e8
2016-04-23 13:53:09.945815,RECV,b93cb8bf449699706022da879b536904
2016-04-23 13:53:09.947828,SEND,539b72e1e923d06b33167ac2b321744d
2016-04-23 13:53:09.988854,RECV,ad48317b8f28e8ac58ff02d1e5582fa0
2016-04-23 13:53:10.020892,SEND,1ac2b151e6aaeaae84df8533885f9346
2016-04-23 13:53:10.032921,SEND,d6104c4ebcfe0f52454d6814fc98c8bf
2016-04-23 13:53:10.079949,RECV,f460d7b6c8e3d0e770a5010fe0d062f7
2016-04-23 13:53:10.128995,RECV,86218f64ca7a239e00815dcf3a3dc054
2016-04-23 13:53:10.156365,SEND,bb428008bc3ec8e11db8aed1f44bdad1
2016-04-23 13:53:10.174055,SEND,4682f88713d3efcb46df49dfffc40db4
2016-04-23 13:53:10.174523,RECV,96ff857c787b33a4c886bdff1926547f
2016-04-23 13:53:10.298171,SEND,c9a9463b356c0d49fb23d95625742556
2016-04-23 13:53:10.308175,RECV,d76ddeb643613ed015f9931dd866ea40
2016-04-23 13:53:10.326199,RECV,da0e43aaada9f0bfdff0edf90444590c
2016-04-23 13:53:10.373241,SEND,716ac228c229ac7ed2bbdf46cefdf531
2016-04-23 13:53:10.385254,SEND,2f1bc8dc279eced705c98781b50650d7
2016-04-23 13:53:10.404212,RECV,135d6b116edecf107b230a520e2bae7b
2016-04-23 13:53:10.466347,SEND,3f34ccb46ed0fb74b19fb333ae1af875
2016-04-23 13:53:10.479348,RECV,675ec9963eed100ac1476d84cf679613
2016-04-23 13:53:10.509382,SEND,eae06fa42e80ae91962538ca6b43e5bf
2016-04-23 13:53:10.557425,RECV,3dce13674f56710a0d0817436facd720
2016-04-23 13:53:10.567714,RECV,951409d6074685983a02140dedc0476e
2016-04-23 13:53:10.616134,RECV,ecd348aff71f6e42b9568f91ecc203da
2016-04-23 13:53:10.703587,SEND,81e4f166df3e1a1b2f7a35dedf8f4567
2016-04-23 13:53:10.708629,SEND,439695f767d6886a4a2bfc94d14ebda1
2016-04-23 13:53:10.721591,SEND,8b0adf0290b7fc5a326ac88860fce22f
2016-04-23 13:53:10.811677,RECV,0e15227f842ece0d8e2fc97caee3f0b6
2016-04-23 13:53:10.842709,RECV,76c5a665c1f40490403009e558035e60
2016-04-23 13:53:10.916849,SEND,efe80cde39e63d9a495d98edb18a035b
2016-04-23 13:53:10.933817,SEND,b33464b8608ffcaa456fce54f17b0fa0
2016-04-23 13:53:10.936809,RECV,f201c9ff8e7ef8a3c5de433ee2f5ee9f
2016-04-23 13:53:11.011550,SEND,ec9dfe12592839438cc2096f5e109829
2016-04-23 13:53:11.025670,RECV,04d48806b41d36b0f9cf55d8a7be6091
2016-04-23 13:53:11.052919,RECV,59b1bdeb1930365fa5608910e4da5489
2016-04-23 13:53:11.084048,SEND,1030a246663bf88d94e6dcc7e6dadcb8
2016-04-23 13:53:11.100064,SEND,4429a07f9380ee8001ffd67b9647dea1
2016-04-23 13:53:11.103970,RECV,88c3728bb6ae6649bbd763870fed10a2
2016-04-23 13:53:11.223512,SEND,9b791cf0405b1559ad181fc812d5e58f
2016-04-23 13:53:11.236101,RECV,ebbb7db5386be193d6cc2fc92ddbb4ce
2016-04-23 13:53:11.269141,RECV,a555f222ca5a9769b340abf2042fb5f2
2016-04-23 13:53:11.286152,RECV,3f048a10b8238740a43fa91cacd8fb70
2016-04-23 13:53:11.306259,SEND,a72052534ef0cc2b3307c7c78c1a4e11
2016-04-23 13:53:11.375205,SEND,9f63a6340f6fc66615a7b6382a9572c5
2016-04-23 13:53:11.386756,RECV,50d05a3e3f5b98480fd6f46dcf70b530
2016-04-23 13:53:11.389270,SEND,071ba66f317cfab71e2a110ccd6e8629
2016-04-23 13:53:11.480502,RECV,2b2026e23ec4890554ce649a670cac34
2016-04-23 13:53:11.482351,RECV,ea68c87c32f1bc8664fd363f66df4d28
2016-04-23 13:53:11.523384,SEND,06d52aed260b2f8c414e7e6bc4d37987
2016-04-23 13:53:11.542427,SEND,eea67eb1a07be8ea8dc453749a3796d4
2016-04-23 13:53:11.618456,SEND,aed792d5365a04777ebb995a91c33e1f
2016-04-23 13:53:11.647512,RECV,0878e8f1f32e48b7ea1cd267c82bb184
2016-04-23 13:53:11.708573,SEND,18f6866a04ff0e64b86a2a279733a2f8
2016-04-23 13:53:11.726592,RECV,dfd8248af65bbd5f0e5d33e710678328
2016-04-23 13:53:11.769620,RECV,ce37f37e1857a76900e7bddda5c50e53
2016-04-23 13:53:11.799665,RECV,c8d4d18592c77db40950798e70a752aa
2016-04-23 13:53:11.860762,SEND,abe25affcc27b7aadc316fbf4ed5a51c
2016-04-23 13:53:11.865732,SEND,fa837b35569077b1fb940970f67cb5de
2016-04-23 13:53:11.908024,SEND,3ab1b96db1cae79388b338b9645a1dcc
2016-04-23 13:53:11.936801,RECV,540bca4a86ddccf5fb7e48e59c35f404
2016-04-23 13:53:12.060924,SEND,d1212e165f5b776a9265dc05bb2ddf9c
2016-04-23 13:53:12.094960,RECV,e33e214696b380257cd131e8e6c07f4a
2016-04-23 13:53:12.201505,RECV,757ef240cc2573980d935ee243d8f3d6
