2016-04-23 13:53:09.297853,RECV,38ca4ad43c070d0a13be25676e537c09
2016-04-23 13:53:09.357231,SEND,e55be3ca181d86f6f2c7dfb6c4d5afb5
2016-04-23 13:53:09.461743,SEND,d77973c2e3c2c9b05a1454e8fb1a03fb
2016-04-23 13:53:09.484953,SEND,6b1c6cedc547a081704b70348a4eef26
2016-04-23 13:53:09.490805,RECV,459c38b3d1fecc3fe8cd59912e7e3fd4
2016-04-23 13:53:09.536408,SEND,87d85701d02c82e83cd9270a4bdae4f2
2016-04-23 13:53:09.549757,RECV,e437fa0286030d8b73b38390a5c0b0bb
2016-04-23 13:53:09.640834,SEND,4308c717fd8b89a7ac24a620424e4fc8
2016-04-23 13:53:09.704571,RECV,1f195e9f2b9d27f900482cc270891ec7
2016-04-23 13:53:09.734618,SEND,0f66fe22589cef56793e0a1b86b8c58a
2016-04-23 13:53:09.794488,RECV,a54793e755678430a85d0c4abf0fcecd
2016-04-23 13:53:09.805999,RECV,9a4061d30822734594b1f57831223f8d
2016-04-23 13:53:09.854718,RECV,5263e3ace3cb7221cbb289135a6fe6e7
2016-04-23 13:53:09.901457,SEND,def5ad81b22b9feceb60f9824dd4516c
2016-04-23 13:53:09.914794,SEND,eac967961f1064cbf83126560a8b3c36
2016-04-23 13:53:09.931743,RECV,6555080ca1a3832b25483d1ee2a8cc0d
2016-04-23 13:53:09.947826,SEND,0cf39da8e1158cfad886eb00a46a9c36
2016-04-23 13:53:09.996347,SEND,cb97a38bdc47833a05558d28234e3764
2016-04-23 13:53:10.037905,RECV,633a6c8b69bcbe528d1c093821918570
2016-04-23 13:53:10.065937,RECV,8b5e57293f83bf020ddbb625f1c6dc26
2016-04-23 13:53:10.143025,SEND,e17e944f7fd04a5b317845f85f77520c
2016-04-23 13:53:10.236626,RECV,607d6aa4acd9109d44eab7465d25bd6c
2016-04-23 13:53:10.263138,SEND,4ce8a960d6df990657608ae386d83616
2016-04-23 13:53:10.282151,RECV,f5aa22e483183184da8bb5ba93c5162b
2016-04-23 13:53:10.374245,SEND,e17f296b4ffcbf5c0d0544f2e7646f34
2016-04-23 13:53:10.374329,SEND,04068a29d561c692c570e42f2d8f59b6
2016-04-23 13:53:10.479347,RECV,7825d6c720dab8db83bf20b31ff2c194
2016-04-23 13:53:10.356222,RECV,187e2ab34a0008e751e44677019227fc
2016-04-23 13:53:10.511383,RECV,aef555f78865caa8d371a399a20c8c37
2016-04-23 13:53:10.525787,SEND,19e4fb4b9f6cf886300a2afa885c6130
2016-04-23 13:53:10.555312,SEND,be4f8aa50161938e2d36fd768ab988a2
2016-04-23 13:53:10.648515,RECV,4f740e6b1a70f63bf0ddc22bdf782eb6
2016-04-23 13:53:10.663619,RECV,ffa207984616d2fa601804b4abc04e92
2016-04-23 13:53:10.759630,SEND,7d651b6b52cd7b15fa1fe53c74201e4c
2016-04-23 13:53:10.788654,SEND,2a80e8517e388fd63f7ebe8ddabab2dd
2016-04-23 13:53:10.801673,SEND,a6ed237b66771509f6e0d647a9e3dbd3
2016-04-23 13:53:10.877535,RECV,34a806bee6b146ee7d4fa0838bc90d56
2016-04-23 13:53:10.912779,RECV,bdcc4b456425699770c5d5a367d3c16b
2016-04-23 13:53:10.941806,RECV,efd8bcee5e16309254dc07c7b19dba74
2016-04-23 13:53:10.969679,SEND,26b56d8adffd7e894272e4d7c5ec4b8c
2016-04-23 13:53:11.014880,RECV,02e8e946ba48b82e8764e208017bc040
2016-04-23 13:53:11.049922,SEND,be75c2685b09253ab76663cc183166f3
2016-04-23 13:53:11.111982,RECV,8b7244abc7cc60dd6f4deb7c85a3e704
2016-04-23 13:53:11.125986,SEND,7a68acb614dbf91fdcbd66fa8aa3def4
2016-04-23 13:53:11.137468,SEND,7a171b62f0201a28d3ca27eaa4903324
2016-04-23 13:53:11.202793,SEND,e5908565ead97a8d89c2a182015a824c
2016-04-23 13:53:11.295231,RECV,bafa3b919f0ce1e8300c3fc9e9dc78c5
2016-04-23 13:53:11.310176,RECV,41b4b72da0551695156bbc2a88b50de8
2016-04-23 13:53:11.322189,RECV,d95f16b71aab3e0b02084992fe895936
2016-04-23 13:53:11.385250,SEND,749695301a48b37220ff52d9e8fb748f
2016-04-23 13:53:11.397451,SEND,bcd4c0fdf120887cab219f8b2d1e4190
2016-04-23 13:53:11.403271,SEND,1f47e439e7a95be3e0c8e0f2f16eeb83
2016-04-23 13:53:11.461327,RECV,adf93db0d1427de37f2e96c16c9614b8
2016-04-23 13:53:11.496361,RECV,f8720a93d8ca0f072339fb1e4135f59a
2016-04-23 13:53:11.586438,RECV,157bb7f85fd13d0d05cd189816850021
2016-04-23 13:53:11.588020,SEND,e6d7ae9f9af192ec1c927833026b5067
2016-04-23 13:53:11.643482,SEND,70f4e58bb5286657315a81c93ec3429f
2016-04-23 13:53:11.663528,SEND,4279bfa3399d3985222b1cb4b2bf7c0b
2016-04-23 13:53:11.797663,RECV,69e5e2309d3e7282645f96db46ffe9c2
2016-04-23 13:53:11.861725,RECV,02fb7513732db0085e12c74b4d683aa1
2016-04-23 13:53:11.876314,RECV,249afb153d72443eaff2345532c9ca9f
2016-04-23 13:53:11.965842,SEND,de524fa273558f8e5364d352bd917b5d
2016-04-23 13:53:11.984951,SEND,b0770ab69d511325f311670e65cf04d2
2016-04-23 13:53:12.043910,SEND,35e47c5e82f5e7057767f3f172aafc5d
2016-04-23 13:53:12.152742,RECV,8289b7962d05c8d10394e0411927f73a
