2016-04-23 13:53:09.343217,SEND,a1c82338e8e98a8303b34041dbd820b5
2016-04-23 13:53:09.392383,SEND,3c1892a1afc335fe1c82ad2f88aea8e1
2016-04-23 13:53:09.399359,RECV,3c1892a1afc335fe1c82ad2f88aea8e1
2016-04-23 13:53:09.445320,SEND,e8e12a41a5ba8a429224b213222ee4ef
2016-04-23 13:53:09.461328,RECV,e8e12a41a5ba8a429224b213222ee4ef
2016-04-23 13:53:09.567439,SEND,95325ca10c5a2b578f070a72094a2faa
2016-04-23 13:53:09.595691,RECV,95325ca10c5a2b578f070a72094a2faa
2016-04-23 13:53:09.642514,SEND,f5712bbfa4361e289e44e41f7501f791
2016-04-23 13:53:09.658970,RECV,f5712bbfa4361e289e44e41f7501f791
2016-04-23 13:53:09.752299,SEND,80a75cda8ec456bc3bd314a5d0bfe8d0
2016-04-23 13:53:09.779055,RECV,80a75cda8ec456bc3bd314a5d0bfe8d0
2016-04-23 13:53:09.856147,SEND,e5937496a52b7163594cbdab3d924c31
2016-04-23 13:53:09.887694,RECV,e5937496a52b7163594cbdab3d924c31
2016-04-23 13:53:09.996606,SEND,e8d704ff8b80a90c967ad83b6410c637
2016-04-23 13:53:10.024318,RECV,e8d704ff8b80a90c967ad83b6410c637
2016-04-23 13:53:10.102955,SEND,ce2e2f2ae82f2f2acec0d0220089e968
2016-04-23 13:53:10.119567,RECV,ce2e2f2ae82f2f2acec0d0220089e968
2016-04-23 13:53:10.227956,SEND,04080da4fb9f246e0858c7f9e436dc52
2016-04-23 13:53:10.243112,RECV,04080da4fb9f246e0858c7f9e436dc52
2016-04-23 13:53:10.273850,SEND,b0ffb583a84b0197d1bf9aa39b3d2931
2016-04-23 13:53:10.289103,RECV,b0ffb583a84b0197d1bf9aa39b3d2931
2016-04-23 13:53:10.426564,SEND,389d3019e5b57d36f49b89bbda312e90
2016-04-23 13:53:10.442308,RECV,389d3019e5b57d36f49b89bbda312e90
2016-04-23 13:53:10.502366,SEND,8edb5a04e4ac58064de2e0c35b62f34c
2016-04-23 13:53:10.505381,RECV,8edb5a04e4ac58064de2e0c35b62f34c
2016-04-23 13:53:10.550438,SEND,b8fa7f318d9e37472241faa44d310088
2016-04-23 13:53:10.563452,RECV,b8fa7f318d9e37472241faa44d310088
2016-04-23 13:53:10.655539,SEND,9b8b9d93427276d82b07fe7ee569991a
2016-04-23 13:53:10.657531,RECV,9b8b9d93427276d82b07fe7ee569991a
2016-04-23 13:53:10.702554,SEND,321ecf58b83ac0fcf696d181158c6f74
2016-04-23 13:53:10.716588,RECV,321ecf58b83ac0fcf696d181158c6f74
2016-04-23 13:53:10.778663,SEND,a8e73c02ddb92a7e2f1194292115a4b2
2016-04-23 13:53:10.780652,RECV,a8e73c02ddb92a7e2f1194292115a4b2
2016-04-23 13:53:10.885537,SEND,25d7cdba8447c8b94d15898a1caf9abe
2016-04-23 13:53:10.899765,RECV,25d7cdba8447c8b94d15898a1caf9abe
2016-04-23 13:53:11.022243,SEND,cc046955130c7c80f02cc915bf0aa961
2016-04-23 13:53:11.039281,RECV,cc046955130c7c80f02cc915bf0aa961
2016-04-23 13:53:11.117063,SEND,d412b086175a074f665d0c528949c202
2016-04-23 13:53:11.130396,RECV,d412b086175a074f665d0c528949c202
2016-04-23 13:53:11.205575,SEND,554fdc1780af28f7085c05f3428bd4c0
2016-04-23 13:53:11.222766,RECV,554fdc1780af28f7085c05f3428bd4c0
2016-04-23 13:53:11.268141,RECV,b465369cd39fdb8b616d8bd9475e0463
2016-04-23 13:53:11.273851,SEND,b465369cd39fdb8b616d8bd9475e0463
2016-04-23 13:53:11.313334,SEND,697bde863e200d4eddc6a107417b2ae1
2016-04-23 13:53:11.317182,RECV,697bde863e200d4eddc6a107417b2ae1
2016-04-23 13:53:11.422305,SEND,154a30f9efea4e55ee96ac8b1f4d0c32
2016-04-23 13:53:11.435300,RECV,154a30f9efea4e55ee96ac8b1f4d0c32
2016-04-23 13:53:11.526494,SEND,e088f9032c5ed946f422ac9b7968cc0e
2016-04-23 13:53:11.528791,RECV,e088f9032c5ed946f422ac9b7968cc0e
2016-04-23 13:53:11.589197,SEND,dc0a19e4d3c15d0475cdc7d474304fe1
2016-04-23 13:53:11.602690,RECV,dc0a19e4d3c15d0475cdc7d474304fe1
2016-04-23 13:53:11.663538,SEND,e34f6d70b28aeb1600db632068a28fb4
2016-04-23 13:53:11.678862,RECV,e34f6d70b28aeb1600db632068a28fb4
2016-04-23 13:53:11.740609,SEND,c6e8089b892fab6c1676ed38f7180480
2016-04-23 13:53:11.768083,RECV,c6e8089b892fab6c1676ed38f7180480
2016-04-23 13:53:12.073953,SEND,bb28206a6b8215b87c525c321fe14dba
2016-04-23 13:53:12.075945,RECV,bb28206a6b8215b87c525c321fe14dba
