2016-04-23 13:53:09.302961,SEND,dd9897f7c0bb88c794a16fc15a02050f
2016-04-23 13:53:09.455323,RECV,dd9897f7c0bb88c794a16fc15a02050f
2016-04-23 13:53:09.591469,SEND,7cba42864b04c6d7f15e392b3ee20dd2
2016-04-23 13:53:09.595689,RECV,7cba42864b04c6d7f15e392b3ee20dd2
2016-04-23 13:53:09.655537,SEND,638d5dffcfed502f01d4d5bc97cbe54e
2016-04-23 13:53:09.682549,RECV,638d5dffcfed502f01d4d5bc97cbe54e
2016-04-23 13:53:09.772659,SEND,3569ae2298080aa4d0fb1504a67a55f9
2016-04-23 13:53:09.777650,RECV,3569ae2298080aa4d0fb1504a67a55f9
2016-04-23 13:53:10.005871,SEND,3535f13e6cb2a5085b6e6e9b5c31d7dd
2016-04-23 13:53:10.046911,RECV,3535f13e6cb2a5085b6e6e9b5c31d7dd
2016-04-23 13:53:10.198861,SEND,e150520ee6ca62ced26636fb0a76d5c5
2016-04-23 13:53:10.204087,RECV,e150520ee6ca62ced26636fb0a76d5c5
2016-04-23 13:53:10.355236,SEND,8581628eb1c93491caf33ec62eaa11e1
2016-04-23 13:53:10.381246,RECV,8581628eb1c93491caf33ec62eaa11e1
2016-04-23 13:53:10.426633,SEND,519d2149f977d141e3e791664218046f
2016-04-23 13:53:10.477343,RECV,519d2149f977d141e3e791664218046f
2016-04-23 13:53:10.645512,SEND,25b2f8950659971d99bebdb1c7c8ffe2
2016-04-23 13:53:10.670650,RECV,25b2f8950659971d99bebdb1c7c8ffe2
2016-04-23 13:53:10.807696,SEND,6e55b7f6e25453d45b07c6cadc4be332
2016-04-23 13:53:10.826180,RECV,6e55b7f6e25453d45b07c6cadc4be332
2016-04-23 13:53:11.440310,SEND,acbed9b093a9c3bb6931cedecf32ea0e
2016-04-23 13:53:11.451318,RECV,acbed9b093a9c3bb6931cedecf32ea0e
2016-04-23 13:53:11.511623,SEND,a69bf673d6c74b598ffa5a7d943b754b
2016-04-23 13:53:11.517393,RECV,a69bf673d6c74b598ffa5a7d943b754b
2016-04-23 13:53:11.562300,SEND,8a12e121f51dbdfe40872aa4fb9f2854
2016-04-23 13:53:11.589403,RECV,8a12e121f51dbdfe40872aa4fb9f2854
2016-04-23 13:53:11.803287,SEND,eda7b06446ebe5b0580d12539476350c
2016-04-23 13:53:11.822351,RECV,eda7b06446ebe5b0580d12539476350c
