2016-04-23 13:53:09.565378,SEND,6a35efd8e558a34507395573e79ac877
2016-04-23 13:53:09.591331,RECV,713709cb48b690a6c4ddf8804266feb6
2016-04-23 13:53:09.656885,RECV,29ae7ee4c0e2c065f6edaf17f7151664
2016-04-23 13:53:09.731604,SEND,e1ee4b8f9efdf61c2839a62bac8b5427
2016-04-23 13:53:09.733599,SEND,b0d2edc97ddf1258ae779f3354730a89
2016-04-23 13:53:09.841707,RECV,1151a28ce9d55ef34b2a77696bc7a404
2016-04-23 13:53:09.851763,SEND,6644ccbb8f069a7787f8612eb14fb987
2016-04-23 13:53:09.945823,RECV,9c06e48c97a602fdd9f78d6af50080c2
2016-04-23 13:53:09.974843,RECV,f40a4addff70bd7c72240be225f13033
2016-04-23 13:53:10.035923,SEND,b74c0347e7c3eca20d3ec7eb2e87250d
2016-04-23 13:53:10.052006,SEND,06b07182b7d5e5426d4990aefda72a88
2016-04-23 13:53:10.055922,SEND,2d5628cc28bc0f3249917fe63a47f1ad
2016-04-23 13:53:10.172672,RECV,8523c1ab5edfc797ecd875759042ce7b
2016-04-23 13:53:10.189153,RECV,3a0779cd7b7f438b8cc79769a0a87f6b
2016-04-23 13:53:10.193057,RECV,d772de77f0e4295ea2ea3005ff016b38
2016-04-23 13:53:10.219090,SEND,2b1b5aa6e6187f05c526789f315fcb26
2016-04-23 13:53:10.221092,SEND,3c8c524730ccb842f3cdacd080504a9f
2016-04-23 13:53:10.300597,SEND,750401904a23029f9b91bc95b55f0bc7
2016-04-23 13:53:10.311176,RECV,fcc15eec614af37f9794529c7f81ba69
2016-04-23 13:53:10.327147,RECV,3942f7b3beb448b48d0e1bdb1e4466a8
2016-04-23 13:53:10.361535,RECV,ad9186c9701da94ada2373b252b5f65d
2016-04-23 13:53:10.390661,SEND,273692c14e1831ad6446d6ecd5f33949
2016-04-23 13:53:10.403276,SEND,dc7c85567ccf97c9911c36d1e1b7d7d2
2016-04-23 13:53:10.466342,RECV,c12c29743a891f1276b9647d2d8c57c0
2016-04-23 13:53:10.478345,RECV,1934851b731bb3fa56a5815e77bcc9ab
2016-04-23 13:53:10.630938,SEND,051e0198b62f48ac3e9d116b45e9d0fb
2016-04-23 13:53:10.648030,SEND,6bf5bc884a395f6dd14c47b6b1a35fab
2016-04-23 13:53:10.652517,SEND,37a6a278596eaab381f3e5b0b015768e
2016-04-23 13:53:10.710578,RECV,ee23d4a95c8b677c95e35fee7823f5aa
2016-04-23 13:53:10.724044,RECV,3f6dbf9707a9e88dab5166ff898562ed
2016-04-23 13:53:10.741609,SEND,fe0c6718eb174065c29f1721b5b9d042
2016-04-23 13:53:10.759619,RECV,5c441cf663c4ee2c4d0484416d88224f
2016-04-23 13:53:10.815308,SEND,f75596bc0550f397760f7c34b2e43484
2016-04-23 13:53:10.847010,SEND,bdd35562853ca2d76040f1627ebf1474
2016-04-23 13:53:10.929861,RECV,20a10b9739cbe3f59a81594bb7d7a48a
2016-04-23 13:53:10.955881,RECV,35097fc87caa94eacd9713a5d5a13924
2016-04-23 13:53:10.975844,SEND,9265d9bb138e2fe03e8df10f745b87a6
2016-04-23 13:53:11.066933,RECV,ac68546d504c18d4b2c44c5ed1458f3e
2016-04-23 13:53:11.100462,SEND,9e9d095f3a7c1c9477d9dc63cae21b02
2016-04-23 13:53:11.128995,RECV,0ece2f35ec97dcb65eebf7cf7c4f8f18
2016-04-23 13:53:11.162730,SEND,7bf910e43ab992dd9d404bba3603a1ac
2016-04-23 13:53:11.160221,SEND,3a298a1e4d1b71dc05df94d33fc3b6ba
2016-04-23 13:53:11.263132,RECV,a2cba3f273ed3db042ac643551b1135d
2016-04-23 13:53:11.281589,RECV,1e16a882f0ad5b430a9b3896c8077814
2016-04-23 13:53:11.327060,SEND,755dd15688ae06f649bba18ada497af0
2016-04-23 13:53:11.342210,RECV,dbfb12665915b8498debd5e786292d9b
2016-04-23 13:53:11.386263,SEND,bf7d29482c78d9e64fa47ac589a835db
2016-04-23 13:53:11.429748,SEND,50603ae65eee0bc644c622885fd71d3d
2016-04-23 13:53:11.464330,RECV,35809db5c15088169a4bd8da8f4fd84e
2016-04-23 13:53:11.477087,RECV,9d4e7fd955f7e839a6ee9d16c6cd74c2
2016-04-23 13:53:11.521201,SEND,820b507f1bd65722080b5e89ba2ba1a3
2016-04-23 13:53:11.573650,SEND,87654a4c3ef62ed54ca47a4bff8cb762
2016-04-23 13:53:11.586454,RECV,d2220270a79555e4729396fca0747ae6
2016-04-23 13:53:11.616948,SEND,315dc84016ed0823c47ad607acb246cd
2016-04-23 13:53:11.645514,RECV,b4de7388ed1e9ed7eb6c6e597388ba3f
2016-04-23 13:53:11.706602,RECV,2e9259b48c0df8defecea19f9f2143f5
2016-04-23 13:53:11.755635,SEND,af1638fcf56846d49b74195cf57e201b
2016-04-23 13:53:11.783654,SEND,160cea4b5b426efb885d8bdf4be7dab0
2016-04-23 13:53:11.803665,RECV,24225c8c5ea8e1f12cba8b2196942181
2016-04-23 13:53:11.832702,SEND,fbf41d41e7383f3df99080f994d24f61
2016-04-23 13:53:11.894526,RECV,b64a677e8c7f71c5f0d13bebc58b9a09
2016-04-23 13:53:12.120301,RECV,9d0c1459042a5433758b40e797dfcc9d
2016-04-23 14:04:02.207257,SEND,5fd90396f0451eb43985fd572f5e524a
2016-04-23 14:04:02.222944,SEND,8ac6883ca77973ca896cbc2785adc33a
