2016-04-26 12:00:56.370470,SEND,7cfca7f69c8673f55b8d1d29fb44e421
2016-04-26 12:00:56.374484,SEND,527969ad5f3cfd287dc9d7bd64370556
2016-04-26 12:00:56.431526,RECV,fe82580e45c8dd06096189faae0fbd5a
2016-04-26 12:00:56.453548,RECV,3e01c9dc9d20ed8ed5f7fabc199e14f2
2016-04-26 12:00:56.461560,SEND,155bf66c6da2b2ce415272bb039d16a9
2016-04-26 12:00:56.470579,SEND,556948dc8cd9d54b67572842ff930618
2016-04-26 12:00:56.505648,RECV,a3dbb6c3399b008b8ba2d2da277cfd14
2016-04-26 12:00:56.522620,SEND,bae964a23978536e518bcda30673c79d
2016-04-26 12:00:56.529624,RECV,b788b2b1f6e6467446392ab5db23ec26
2016-04-26 12:00:56.557778,SEND,1b9d94cd851679d2360d2c405e417f0d
2016-04-26 12:00:56.580677,RECV,30a81ff5c1ec72564a6e26cc8fb87bcb
2016-04-26 12:00:56.596068,RECV,cabcde54fd4d99fd004c0be442e4f37b
2016-04-26 12:00:56.602896,RECV,3c64c6476b4fda3e5faa297d7b7139ba
2016-04-26 12:00:56.623957,SEND,3706a6975afa700ef30bd3448c292b12
2016-04-26 12:00:56.685780,RECV,c575ed19ddf46019a4132a1f22c3c84e
2016-04-26 12:00:56.687783,SEND,f116336a8ba19c8270d5530d23f7efe6
2016-04-26 12:00:56.693867,SEND,bf04fc6287d3848c5b6fc78360893313
2016-04-26 12:00:56.716922,SEND,5e1493c57a59e4a3c4267c6214f2f728
2016-04-26 12:00:56.725820,RECV,0c9507a42e990599a9ce7c3adb843cda
2016-04-26 12:00:56.740842,SEND,773685f7b880025aa6e08b3ed7d35472
2016-04-26 12:00:56.746842,RECV,dd4942c2093da115e806478465eeba57
2016-04-26 12:00:56.747018,RECV,3ca6bf55e33381415befba40df5a1c7e
2016-04-26 12:00:56.761860,SEND,b5068127c02674e332748fa181854222
2016-04-26 12:00:56.777102,SEND,6ed60ce10c14d7a13637175bc33b2063
2016-04-26 12:00:56.800897,RECV,a6d4652ff0053b8e341eddd09932cce2
2016-04-26 12:00:56.806902,RECV,db97f8612dfb9bc06b6d39edf74c25bb
2016-04-26 12:00:56.830927,SEND,41296104776f0a401f45d664f539efb2
2016-04-26 12:00:56.861348,RECV,ed23e398382e00f4efdfc1f6e9cfe222
2016-04-26 12:00:56.865965,SEND,03f6d622959ef2067ffd2cf4a06de9a5
2016-04-26 12:00:56.868962,RECV,4e7f7c81dd7752e684f15fbcb3d1fb48
2016-04-26 12:00:56.889571,SEND,58bc88c382392e2472241f30eea74f6a
2016-04-26 12:00:56.911633,RECV,87dd3d13f99b6054af179bb7dce8b1d4
2016-04-26 12:00:56.930030,SEND,568a0af9123ba4e94fb1fe648a661992
2016-04-26 12:00:56.937036,RECV,569a0034cccb91b61d4766fd424abb65
2016-04-26 12:00:56.952049,SEND,20a45ed839a565ae7e9c516d812d77fd
2016-04-26 12:00:56.957878,SEND,5a4ec817243e2845e6ec3b44991939ad
2016-04-26 12:00:56.975070,RECV,58b4233e6deddeb5e0cbda42834c14bd
2016-04-26 12:00:57.003096,RECV,ef1778d714fcacccb30fe451755bcaf1
2016-04-26 12:00:57.006104,SEND,8384353ac5eac43125b8597ccdfcb5ed
2016-04-26 12:00:57.013106,RECV,c8006b905e05bc42775d24ee1e1a62b5
2016-04-26 12:00:57.049147,SEND,3df36c8445e2be5e04e0bba7a483bda0
2016-04-26 12:00:57.057858,SEND,77547b38966829de42c7d1e276bfa317
2016-04-26 12:00:57.064249,RECV,4761dac2f3307693c524b0679d28ec65
2016-04-26 12:00:57.081175,SEND,dab1567905420817ab63b661c9902322
2016-04-26 12:00:57.094188,RECV,80f0711ddb3fef961cc71846d0fe4814
2016-04-26 12:00:57.103196,RECV,4e6e1684790aeda747a359f5f2c94517
2016-04-26 12:00:57.118218,SEND,5085f3efda91334f1e130b5da927a272
2016-04-26 12:00:57.141239,RECV,0e0b18adde84756eb1a310b176d49238
2016-04-26 12:00:57.153252,SEND,25899f2ee4459eda90a89c686a255080
2016-04-26 12:00:57.171266,SEND,07a03fdd66fdbe8d33c200eb69dfd6dd
2016-04-26 12:00:57.178154,RECV,3fdd2b2d0436d437c4004dc8d1440ae0
2016-04-26 12:00:57.184279,RECV,9c0e834cb33e4060cfdbfba2d15c6654
2016-04-26 12:00:57.193294,SEND,9bd33f8bb144306748575cd6b13f7598
2016-04-26 12:00:57.199298,SEND,a60188933f5b2d4c28b6c968eb23cee7
2016-04-26 12:00:57.229326,RECV,b00a0ef305a63edc751c4beb2c0e1f1d
2016-04-26 12:00:57.231993,RECV,eb0ad7d2b6bf734225ce62445ab00ba8
2016-04-26 12:00:57.238333,RECV,d1d65e342238839f79d75a3e14902134
2016-04-26 12:00:57.245037,SEND,6bd445399ac3478f868f0cbb48432d3a
2016-04-26 12:00:57.246343,SEND,f053693e394101e791f629557c0def8c
2016-04-26 12:00:57.253353,SEND,08ffd4d3ff7937aa3f1bf0046c46c405
2016-04-26 12:00:57.299397,RECV,66790f4929e029ffdc6dbf21ad63246b
2016-04-26 12:00:57.307400,RECV,15ac1ea950f5437440dd07ff691b8f8f
2016-04-26 12:00:57.320414,RECV,9698585528ed2d38fdd1ba5a6a8fafe6
2016-04-26 12:00:57.329430,SEND,e53d26212680b8a0fa2664f33d67b7e3
2016-04-26 12:00:57.337434,SEND,7a0ebb1156cb2f4ef890333fae074617
2016-04-26 12:00:57.365051,SEND,ebca2999e29e1ba2d18c02eaa0284e9e
2016-04-26 12:00:57.367461,RECV,a2609baac331cfba94916c2126c17afb
2016-04-26 12:00:57.382481,SEND,fa31be21c9a361a2dcc6193a8ff805c8
2016-04-26 12:00:57.417950,RECV,ba88e44c1104a8b9de650502d3305255
2016-04-26 12:00:57.424519,RECV,932d173602849871ea679e0ed4384933
2016-04-26 12:00:57.427411,RECV,d80ac108170eee8976f15ecd2771bea5
2016-04-26 12:00:57.463353,SEND,89fb568182ea1787419c00bcbc64f847
2016-04-26 12:00:57.470568,SEND,5dfbad090c9f62d76aa5a09d6e08b2f6
2016-04-26 12:00:57.471376,SEND,d412aca7a4bb637dcee6748527bf7d84
2016-04-26 12:00:57.515952,RECV,5cbe9998a4d3684d7cfd6f36a23494c2
2016-04-26 12:00:57.517614,RECV,e7debf041b2eecbb331acbc8a91a16a0
2016-04-26 12:00:57.524618,RECV,e45696817c48c16e63a06184ad9cbcc7
2016-04-26 12:00:57.554653,SEND,fbc87119cf52cbccbe18c3f163cbcdf0
2016-04-26 12:00:57.561645,SEND,f8c9a5881a49172d3f5116183622cf55
2016-04-26 12:00:57.591689,SEND,38966da06ececfef88cdda9ee0c94fe0
2016-04-26 12:00:57.600397,RECV,8e619b5afee566487280e44241616356
2016-04-26 12:00:57.615711,SEND,c09bbdee573089195f3d5cddfcadbc80
2016-04-26 12:00:57.623719,RECV,56dec7729a183241ef9fe8e1d23340c0
2016-04-26 12:00:57.636730,RECV,93a7fc9c01d6831427cd05b83410c228
2016-04-26 12:00:57.645738,RECV,b6c4968246167d947871c5cd639f4189
2016-04-26 12:00:57.651746,SEND,86eacf4ac8a990dddd2877a64c1e3003
2016-04-26 12:00:57.653748,SEND,11c4ea69e866a934aadab6a091084f70
2016-04-26 12:00:57.660448,SEND,be8cdb1cdbd23c030503e17e8300dbd3
2016-04-26 12:00:57.698792,RECV,a87db66583b066cbca2da60232955e19
2016-04-26 12:00:57.705205,RECV,120a35cce1825089f8f422df4baece50
2016-04-26 12:00:57.711805,RECV,b458d529c4409b51ad67b52639bb1d8b
2016-04-26 12:00:57.743838,SEND,6f0b93ee4e7ad6874a2317c1d9b32eff
2016-04-26 12:00:57.750532,SEND,777cbd57764f97dc0ef308293ac42fb9
2016-04-26 12:00:57.756855,SEND,7ec47c8621d2c2b73edfb16b9d1dfabc
2016-04-26 12:00:57.788884,RECV,be9fea67fd0f3ad5a2dd9845ff75f32c
2016-04-26 12:00:57.801896,RECV,da8b6c271e082ba8adb1edb2bb598ba7
2016-04-26 12:00:57.810906,RECV,eb80355ec6516bcf0820b351cffac02f
2016-04-26 12:00:57.817301,SEND,4ca8c399f5610728ceb58a6d9cad2366
2016-04-26 12:00:57.825923,SEND,cae26d4747b840eda9436a5d7faf514e
2016-04-26 12:00:57.831245,SEND,f3acea53bca4b0f1106164a8f2fd53ac
2016-04-26 12:00:57.876971,RECV,b6c3a77fc0174a3c6e1388d4f93a2d0a
2016-04-26 12:00:57.877446,RECV,3a702643fcbd92e1de0b426fd59d3042
2016-04-26 12:00:57.900994,RECV,480cb26dd92a838ddf9048a054518c5d
2016-04-26 12:00:57.907000,SEND,ac691e54fa7a722eb50da0c835c69055
2016-04-26 12:00:57.915703,SEND,dfd29313b7f35a2a660caf9c7ad18038
2016-04-26 12:00:57.922590,SEND,5ab35a01048e3e9574e6655bd24b342c
2016-04-26 12:00:57.937030,RECV,d5a6fb745e950b6c67f039dec7efcceb
2016-04-26 12:00:57.946039,RECV,55676c67b51e35d78abb8dabd52930be
2016-04-26 12:00:57.961058,SEND,20c5685adeef1b6bcd888f3eab89fe1a
2016-04-26 12:00:57.969063,RECV,04441b969d4d5670bf5713c147776232
2016-04-26 12:00:57.982084,SEND,525f35e848d9dcb6d7ded96df587b4f1
2016-04-26 12:00:58.004854,RECV,9ce08c38ac1875920de923c941c833b2
2016-04-26 12:00:58.012107,RECV,41631e8bbd7d8909f06fde3b61dcd73d
2016-04-26 12:00:58.014110,SEND,4a7dd133c0cd8850a245f40982db5fe1
2016-04-26 12:00:58.021118,SEND,6e69c581ae36b569d989a67cb59e3bdf
2016-04-26 12:00:58.042143,SEND,162cfa9b044ddedf82b91ab1bc35f0d3
2016-04-26 12:00:58.072166,RECV,177686ff33027e392fde3575fc718793
2016-04-26 12:00:58.081175,RECV,75e36606a8747a21e1ad740b9f50b329
2016-04-26 12:00:58.088093,RECV,5054ac015f6a37f661ecd56ca3fe19e4
2016-04-26 12:00:58.096195,SEND,3102967c8483cafba9d8d61b4be3c7d5
2016-04-26 12:00:58.102203,SEND,5c1db2c1ebdbfd491484a672d0e6204a
2016-04-26 12:00:58.132230,RECV,bf49bed2872710eaca67f002408763b4
2016-04-26 12:00:58.133225,SEND,eeb1ce3b0e7ca065623df96f0050702f
2016-04-26 12:00:58.157250,RECV,a568b13ad39341db33fe64aeaa3a30fe
2016-04-26 12:00:58.172271,SEND,43a8dbcbc2d7234bd80530a26180c2da
2016-04-26 12:00:58.195289,RECV,4395e5b9fb155a914aec77251524558c
2016-04-26 12:00:58.202295,RECV,8899794f71c1dd0d91783dceda03a07f
2016-04-26 12:00:58.208306,SEND,9423810f2b5315c2dac041ec4b4206cf
2016-04-26 12:00:58.210307,SEND,feded8db16c5f32b5f1341f0f1ccccfb
2016-04-26 12:00:58.217315,SEND,f8c071afb020b01d129b2d33163132f2
2016-04-26 12:00:58.255349,RECV,03e717fca8d29068dfc7245a87952950
2016-04-26 12:00:58.276764,RECV,df22b8abe24374fae27e5510304ca3f9
2016-04-26 12:00:58.283312,RECV,9fae3dbdb721574b61f1e044d66ae11a
2016-04-26 12:00:58.283758,SEND,f72e8c58b7ed25efa923fe24967feb0e
2016-04-26 12:00:58.313776,SEND,b9b085237a262ddff823b1797fc574b3
2016-04-26 12:00:58.320850,SEND,620f45c7e426d1ab079a7ba7a0a6ed5e
2016-04-26 12:00:58.330425,RECV,6ebe87d088fc7c353b6b30e2a1c17cca
2016-04-26 12:00:58.367461,RECV,33a4b8f3e91f17e83a65b640fd22f669
2016-04-26 12:00:58.373468,RECV,6bbb1d94ecab86972f76d91e92e30a53
2016-04-26 12:00:58.375328,SEND,2a00b16d10f7f112ed925280fabd2c8b
2016-04-26 12:00:58.382477,SEND,ebc5f400ad4c5a2d50388e7c049e08c4
2016-04-26 12:00:58.420514,RECV,081313d53714bb2066ea70ead26a4fb1
2016-04-26 12:00:58.427518,RECV,e87affded908ca7a3d47bd882b9cc779
2016-04-26 12:00:58.432166,SEND,52970f81d4684af77a6844854340abe2
2016-04-26 12:00:58.457554,SEND,4c9ad26c37c8fa132898896ba57b7e56
2016-04-26 12:00:58.465266,SEND,2ad727bde358a9adb8b04b90a2cd97f0
2016-04-26 12:00:58.522616,RECV,a34fb2c58e982a27b6db75bf84a659fd
2016-04-26 12:00:58.538637,SEND,41d0df58cd2fd17b475496921da7105f
2016-04-26 12:00:58.539461,RECV,25ea37e24a508c55b3d5a919392c8817
2016-04-26 12:00:58.547643,RECV,bc2b7c51dd9461ca38ad8876217e0125
2016-04-26 12:00:58.555652,SEND,0bf2df7feecad6ecc9fcac1c51ee83da
2016-04-26 12:00:58.563069,SEND,8e60f3594b2e4de88d513e29f2445dbd
2016-04-26 12:00:58.582677,RECV,b2fe9131f084197d64a59d06aa3d9314
2016-04-26 12:00:58.598697,SEND,eaf949fe49ca444949380051de573826
2016-04-26 12:00:58.600692,RECV,3fb20f2190dfadbd6df7c2db3bd41e63
2016-04-26 12:00:58.606637,RECV,5831ffcdb276cc9a5f99de99b36ae79a
2016-04-26 12:00:58.628722,RECV,f7a1c79c0a39680caa2796255576095a
2016-04-26 12:00:58.630724,SEND,e4f9779a946430a16704d6945aa88f2b
2016-04-26 12:00:58.652517,SEND,e97c24e36ba39ebe29ac54cba788df6d
2016-04-26 12:00:58.659757,SEND,ee95f59c2ed4780595b42d85440676e2
2016-04-26 12:00:58.691200,RECV,7ee8ef4113b7967e94e7a05e380e9ab7
2016-04-26 12:00:58.704798,RECV,8f7f3a560d29ddc9d74f97a549f09584
2016-04-26 12:00:58.711922,RECV,1b9a1211b258f190cf2067ba736dc293
2016-04-26 12:00:58.721894,SEND,ce95d8cd3a966807c86261291d03db4f
2016-04-26 12:00:58.749843,SEND,f4e8598dd38a477e50aa76e1ba502789
2016-04-26 12:00:58.757027,SEND,7bff4b2bf5cc74bc9514a23e79e4a9c8
2016-04-26 12:00:58.766467,RECV,11d6f0d41adc307ed862b3ebfc9708a4
2016-04-26 12:00:58.781509,SEND,f9048f02cfc6f14eb5940a5af09fc673
2016-04-26 12:00:58.794888,RECV,234825ba48ff42290b2f5705b667f957
2016-04-26 12:00:58.803898,RECV,35b5a70390ed5c428018a965c4c1712a
2016-04-26 12:00:58.818916,SEND,6681216dc9e047391ee49e04a6da9891
2016-04-26 12:00:58.824920,SEND,a57071b8f60a2bb185b83d3ea6b2a375
2016-04-26 12:00:58.825187,RECV,60565ce1fbda8b134c6d223ea59aa01b
2016-04-26 12:00:58.854949,RECV,bab23f676e1ae06d66715b46781f6cad
2016-04-26 12:00:58.855706,SEND,1063c7a2a95d58aa3be83c7dd9206db2
2016-04-26 12:00:58.863957,RECV,052dc0bf9108140fdc1f79344b0324c3
2016-04-26 12:00:58.878978,SEND,be471c28ad3b28cc0ea29b032e846a86
2016-04-26 12:00:58.898996,SEND,efc3e169480f7336cdb49df0b4e7ed5d
2016-04-26 12:00:58.917012,RECV,83fe23dbae6054e22aad938cc1f33a9b
2016-04-26 12:00:58.945040,RECV,67a331ce14318a5c1a8b846aab955055
2016-04-26 12:00:58.949012,SEND,703bf38cb064e137e7296ecbccd812f4
2016-04-26 12:00:58.954045,RECV,b8a64c4227d9f51dc865d1b35853deaf
2016-04-26 12:00:58.990085,SEND,e727af046e54905f8115db054866b974
2016-04-26 12:00:58.985080,SEND,7265529b67319386ea0f9b14bf1b2a9d
2016-04-26 12:00:59.007101,RECV,8bb7484580a8266bd6c2561ca79f54a9
2016-04-26 12:00:59.023119,SEND,a1c2be84ecb423b68b344758b110370d
2016-04-26 12:00:59.050141,RECV,d913109cdcfc095c0aff63d2c00f826f
2016-04-26 12:03:32.317222,RECV,e1bef2667d56813f1d876e13b16c3134
2016-04-26 12:03:32.325810,SEND,2347d1f920db53394d1e2ef4703f648a
2016-04-26 12:03:32.328285,SEND,9f32f8863d4fc6afe177a6598abcec24
