2016-04-26 12:00:56.463190,RECV,a1d7740e1e7acb96878c24576425fdeb
2016-04-26 12:00:56.475569,SEND,8c7e6da77392dc9ba88f98f345d560c9
2016-04-26 12:00:56.539649,RECV,21910025d5984cafe1c17ba597c79514
2016-04-26 12:00:56.564658,SEND,aa1abf8c59210c2654dab8749aca5e87
2016-04-26 12:00:56.627741,RECV,63c83c14978f2b7116c8dfa9f81cb5d8
2016-04-26 12:00:56.636754,SEND,333aeddee057d420ff262a35f512f865
2016-04-26 12:00:56.689785,RECV,7bdaaae99f41eaab105221d1a1b25820
2016-04-26 12:00:56.707809,SEND,31517bb5b96d2e6e4e034bf5ceb352ae
2016-04-26 12:00:56.761857,RECV,60c33582a626e420147bbe07688f71c5
2016-04-26 12:00:56.797301,SEND,151505824320be34f5818f6b785c5e74
2016-04-26 12:00:56.862959,RECV,ead18701464b701fc4bc834c2422ac08
2016-04-26 12:00:56.887557,SEND,17ff68c1d3ed4d5c9e58dfeb2630a838
2016-04-26 12:00:56.950739,RECV,11ac0dade2adee6875a2239d95edba1b
2016-04-26 12:00:56.978746,SEND,c176bb90de147dd88e1f5775d65cb197
2016-04-26 12:00:57.041014,RECV,8d5c104d326cc3ab07454acf9f95c52b
2016-04-26 12:00:57.068092,SEND,317f9e46e0f18001cfc26ab7e4f5aaa0
2016-04-26 12:00:57.114208,RECV,3942a621329310ed541b577c7ae18d1b
2016-04-26 12:00:57.132683,SEND,7ab96ada2cfad231afd39e9f9be6f34b
2016-04-26 12:00:57.214310,RECV,3d68b2cddf97e39952d2d36b1f206e36
2016-04-26 12:00:57.223284,SEND,3c28f20f6ccb2dab283eb661af16bd85
2016-04-26 12:00:57.268363,RECV,209bced8ab32907362d8c38693524508
2016-04-26 12:00:57.304404,SEND,3191f3657497a72e3977980f266292c2
2016-04-26 12:00:57.358454,RECV,8700ac50f9b2ec0dc06b8c08bfea9609
2016-04-26 12:00:57.385094,SEND,3cb89d2f3686ec03b043d92878ccfb35
2016-04-26 12:00:57.441538,RECV,a83638872bfc8b6bd5f3f329fb4418b9
2016-04-26 12:00:57.460070,SEND,7f885f53ef4e81f982d23bf82777173f
2016-04-26 12:00:57.502454,RECV,71ec2dd8460e1b4d054b2def746ad506
2016-04-26 12:00:57.522670,SEND,68d9044b820368e02a6ee4d412526dec
2016-04-26 12:00:57.592703,RECV,34c3c4e08c1a87c9ef419fe82a155966
2016-04-26 12:00:57.628805,SEND,dc4a98414387e7f1fa85c4a8074c574a
2016-04-26 12:00:57.712877,RECV,e1d4f55e794d0d1dac9767b6e71df0ee
2016-04-26 12:00:57.729639,SEND,bd898e9dd25ad4e1ff7c8bbacb68bc55
2016-04-26 12:00:57.792889,RECV,a042b6c021f48cd9ec49e5bce6cc40f8
2016-04-26 12:00:57.812910,SEND,97726042d6b530d583c690abde9e7422
2016-04-26 12:00:57.858352,RECV,e85dc3bfcf64d4e4b798292879437a29
2016-04-26 12:00:57.875967,SEND,8613bb875b208fd259ce7bf1cbff408f
2016-04-26 12:00:57.937031,RECV,4f18c0b7c6eed02a04e5cade93a1a987
2016-04-26 12:00:57.946045,SEND,4dfe13c3a83db6b1ce2c2da618d50ffc
2016-04-26 12:00:57.991085,RECV,226967c96a7f29130e62de2c45ebc9e1
2016-04-26 12:00:58.009163,SEND,8b57453c73f873841328d52c276ec19b
2016-04-26 12:00:58.072163,RECV,cbd6bc5715b2c7820ccdeb8a93a2a24b
2016-04-26 12:00:58.083178,SEND,4282b8c23b28711b9af259da07334c90
2016-04-26 12:00:58.117210,RECV,2dc761fe9f9f34e1bb1635c54ea40692
2016-04-26 12:00:58.126644,SEND,5dbea061faaf1e76bde5d3b7fe3da589
2016-04-26 12:00:58.198150,RECV,503a80cda61bbfc5917363dddc6ec9b1
2016-04-26 12:00:58.225233,SEND,e83226f8ea7191cae8b4b56c527b3de7
2016-04-26 12:00:58.279374,RECV,ba7ee66c098a70cfb8a8f41154347fbb
2016-04-26 12:00:58.291391,SEND,6a531e02ce36460059c1719412e33318
2016-04-26 12:00:58.351539,RECV,38cca07af8e7b25f47df1de6945fecc3
2016-04-26 12:00:58.369594,SEND,b4cba4594bcff5f0726c07732c587f65
2016-04-26 12:00:58.399493,RECV,bdce235ddcaa129f4cc42378bb819067
2016-04-26 12:00:58.415514,SEND,b2b829ca4aa761e6ac70a3c2452ca0a0
2016-04-26 12:00:58.486936,RECV,c11eece7168ade4662b9ef9f1e11ef98
2016-04-26 12:00:58.532064,SEND,2cf3e4f770fab29fb1defe37426e2ad0
2016-04-26 12:00:58.579673,RECV,a3a13b9aaed4a01e53f50a3b3ab950d7
2016-04-26 12:00:58.597691,SEND,c68f7a9382fa55b876a3abb9ebb917b6
2016-04-26 12:00:58.634332,RECV,15709011adac8b6280a1fce87580e792
2016-04-26 12:00:58.653022,SEND,a6c7d0eb5026eb0b59acff961c2bc9cc
2016-04-26 12:00:58.691054,RECV,6300b8157c0ff09bcc3ca8b42799b389
2016-04-26 12:00:58.716082,SEND,db19673da336995b07ddddadf3d0b83a
2016-04-26 12:00:58.760822,RECV,e991ee9191caeb06047bef3a0f3dc1da
2016-04-26 12:00:58.778871,SEND,0cb5b12df2d86f6d789d6934ebc0c648
2016-04-26 12:00:58.841948,RECV,3ed78f1c76925f6b2228ca6caa4dc2b2
2016-04-26 12:00:58.877664,SEND,7cb1086f234a9c50f671f2378bb17a01
2016-04-26 12:00:58.932021,RECV,5f665107f140832d42c8fb209f5f99e9
2016-04-26 12:00:58.959135,SEND,632e893895a7790fc3b83fb7477b64ae
2016-04-26 12:00:59.020115,RECV,f28ba9f87e3037548fefceaa94217ac0
2016-04-26 12:00:59.038149,SEND,16743138bec334abfd2dbaf7e351566f
