2016-04-26 12:00:56.396983,RECV,99804ec20417a7a36f4bbd850aa29984
2016-04-26 12:00:56.443543,SEND,d866538a7f265ab2887f1d50c7d67b6d
2016-04-26 12:00:56.497590,RECV,0d01942c021a367b8b32ea377021a614
2016-04-26 12:00:56.506606,SEND,a814243532aec86ed787cad8c8c72dd1
2016-04-26 12:00:56.569667,RECV,858ac53e8d24dd4be3e1568878ccb762
2016-04-26 12:00:56.578676,SEND,3a6db1a593bd054a046211966412d2e1
2016-04-26 12:00:56.614713,RECV,7cb0a13014e16d064149505efed29f05
2016-04-26 12:00:56.632729,SEND,74af83c1e2ff85522e6520760e4794df
2016-04-26 12:00:56.685795,RECV,775d05c8d0e82c631923edb31dfa6f1d
2016-04-26 12:00:56.731145,SEND,61540b4db1f5042c9c3d541cc03cf274
2016-04-26 12:00:56.839426,RECV,fb288a644805537df6b12c50910bba1a
2016-04-26 12:00:56.867967,SEND,79851875d2b7f1f7ad0bdf5a9b522768
2016-04-26 12:00:56.922025,RECV,ec516932420121d0e8534b3ce576fc0d
2016-04-26 12:00:56.938728,SEND,5a93a824b4e2b2befe953bab1d92f544
2016-04-26 12:00:57.012106,RECV,498122765054948110c73593c69bab4b
2016-04-26 12:00:57.028970,SEND,d6b867c00415507211f27a32e8355c04
2016-04-26 12:00:57.148240,RECV,1b25421a8419e7e47fa92213097ecd9d
2016-04-26 12:00:57.164343,SEND,a7fc7b693c8b0edae2b38f34363d77c8
2016-04-26 12:00:57.219487,RECV,bd0d1649fe0ec4f14686a413ec978ad0
2016-04-26 12:00:57.229328,SEND,21d445cfafd5b0bc0dba0465456c198e
2016-04-26 12:00:57.328421,RECV,a2b8cdb91cb9370ae18d5f90a81dc098
2016-04-26 12:00:57.346447,SEND,f596e14e14a110b3c3536c4d2e44a751
2016-04-26 12:00:57.400493,RECV,efa689bdc69f07a3dd02218b59114e76
2016-04-26 12:00:57.436536,SEND,0fa2415cc69d1c277598f0032e12edd0
2016-04-26 12:00:57.526621,RECV,99e4069bfd1ab3d6769c5cb44a646cd4
2016-04-26 12:00:57.580679,SEND,7d9c307e44d5098a7bbaf36ef4874ff5
2016-04-26 12:00:57.625720,RECV,f3aabd6aa92074e2d6992a5c96c0a5be
2016-04-26 12:00:57.661762,SEND,43499d0219e6b970cf4965a5ac495396
2016-04-26 12:00:57.734829,RECV,16c0b3607d36f43011c1ded86bf2ee5c
2016-04-26 12:00:57.770869,SEND,a0e840ad5fd456b7541145514fd7b937
2016-04-26 12:00:57.824919,RECV,d0e164fc1f7c89c733b201e42c865b32
2016-04-26 12:00:57.841240,SEND,92cf96c6d3df2ee25381a4b94e80c4d7
2016-04-26 12:00:57.915007,RECV,b118427f3bc206e54bf79fa89ac4ffe3
2016-04-26 12:00:57.933027,SEND,d68f1be8aed4bee20429350f3d6488c6
2016-04-26 12:00:58.021786,RECV,0f11fd405d050dd6c98309fce7a27c8e
2016-04-26 12:00:58.041139,SEND,3331c83a27e9d8501c45e3bb57131802
2016-04-26 12:00:58.113207,RECV,e25f3eec786c9e70ba4be60891032c09
2016-04-26 12:00:58.131232,SEND,1c70c916717b21cd78d4c0a14dd46a6a
2016-04-26 12:00:58.185280,RECV,b5ab0ff150abaa6331727dab3546b0ad
2016-04-26 12:00:58.203717,SEND,077e33ae6746a0e48efe5bc1ceba11fd
2016-04-26 12:00:58.258354,RECV,55b7282f9f64de292532a180bae4c4b6
2016-04-26 12:00:58.267363,SEND,6de259c5b46c16f03e9bc6c4f8648cae
2016-04-26 12:00:58.348441,RECV,43ff3d0ed92b9bd7bbafedd1bb094cc2
2016-04-26 12:00:58.357453,SEND,8ea263ec7fb1fb4ac528bcbf97a217eb
2016-04-26 12:00:58.418907,RECV,4b9608d2d7231fa0fba35bd143462fc2
2016-04-26 12:00:58.438537,SEND,87d2ac734e60172cfb1a0ddd58ee2156
2016-04-26 12:00:58.501594,RECV,5ee04aedd770c274c305ea67eac9e34b
2016-04-26 12:00:58.519621,SEND,0f6a11b7084ac1c5a72c19a9a66b3f5b
2016-04-26 12:00:58.573669,RECV,0536506401f9df5507b62d5058fcf079
2016-04-26 12:00:58.582681,SEND,a051cf880493af65e8be37d4044af905
2016-04-26 12:00:58.636734,RECV,a8e83b40b74e39e35258c8230202587f
2016-04-26 12:00:58.645736,SEND,bf772d944447c7ae7386b52136d737ff
2016-04-26 12:00:58.762538,RECV,bae774ce2fa11b1f798c9f714abfbd14
2016-04-26 12:00:58.772871,SEND,c1b6bd748346d23fa0d936054b6cf1b3
2016-04-26 12:00:58.807674,RECV,0b1b3a69f7ede9f2dceb1c08207cfd04
2016-04-26 12:00:58.817912,SEND,4c4006ccde9f6b3d8df2d79606f3eb32
2016-04-26 12:00:58.889974,RECV,c75f433f9ecba43343c5aba3cd8e9cb3
2016-04-26 12:00:58.898997,SEND,0fe9c43521faead02b158f7e11873f21
2016-04-26 12:00:58.954047,RECV,802c8b584bed5ff0c07d5957ba080a02
2016-04-26 12:00:58.972069,SEND,d5c728533c7e9159bef429a1f0e71a65
2016-04-26 12:00:59.033291,RECV,513bc4625f4206f79d9ee1004c61e3d9
2016-04-26 12:00:59.044137,SEND,bad26421cf61459a4c64421ea1d226b4
