2016-04-26 12:00:56.357638,SEND,7efaa4a5bbd6cf50eb17524a938759d1
2016-04-26 12:00:56.381480,RECV,c4d2c4725a588e8918cb46f08f662957
2016-04-26 12:00:56.396743,SEND,7a72c49351a9f4f3211ea2d7a1c99aa8
2016-04-26 12:00:56.402758,RECV,1026f726c695744822aa5df1d0f2184b
2016-04-26 12:00:56.435563,SEND,0ea99c241ef57fee4c6b9d0df576a72e
2016-04-26 12:00:56.441537,RECV,d4fe7fc7b0f5c0cf31f1346528b142ad
2016-04-26 12:00:56.450550,SEND,a1d7740e1e7acb96878c24576425fdeb
2016-04-26 12:00:56.465998,RECV,f8dca2edf9011bb8fda5abf710aa12d6
2016-04-26 12:00:56.471936,SEND,017265c973ead8f8b1b0e392de3a4641
2016-04-26 12:00:56.480576,RECV,8c7e6da77392dc9ba88f98f345d560c9
2016-04-26 12:00:56.516612,RECV,258860204436428badf82a4d1919e874
2016-04-26 12:00:56.527355,SEND,5dd4fee37e4133973a1ce77f65021454
2016-04-26 12:00:56.524624,SEND,21910025d5984cafe1c17ba597c79514
2016-04-26 12:00:56.532107,SEND,eb5e3c0c2e8194dcdb7de3ab08471e34
2016-04-26 12:00:56.568205,RECV,4336a3aec49b4be96c87f77b3ebce829
2016-04-26 12:00:56.570664,RECV,aa1abf8c59210c2654dab8749aca5e87
2016-04-26 12:00:56.576671,RECV,5c77d3510ba9ebc9c0aa6a4537fee618
2016-04-26 12:00:56.592686,SEND,c024558a02d35af9fd2a6cb59ac63926
2016-04-26 12:00:56.615713,SEND,63c83c14978f2b7116c8dfa9f81cb5d8
2016-04-26 12:00:56.637732,RECV,ae5be47e9152b714c21fc6dd2bc062a9
2016-04-26 12:00:56.644739,SEND,07c439dd2a49d7dc9175fbe2189e0bd8
2016-04-26 12:00:56.652446,SEND,2685a93b82cb834b6f215b4af5342bdb
2016-04-26 12:00:56.659467,RECV,333aeddee057d420ff262a35f512f865
2016-04-26 12:00:56.675776,SEND,7bdaaae99f41eaab105221d1a1b25820
2016-04-26 12:00:56.696788,RECV,a9345197447713bfecd97ba8ad601373
2016-04-26 12:00:56.704291,RECV,338a61545b2ce411ae4686b8889ce4d6
2016-04-26 12:00:56.712214,SEND,e3d92ad3e25942f49a83e0a4d072e564
2016-04-26 12:00:56.720815,RECV,31517bb5b96d2e6e4e034bf5ceb352ae
2016-04-26 12:00:56.748737,SEND,4eb70a92efb3e9b6d5ae286293543899
2016-04-26 12:00:56.749745,SEND,60c33582a626e420147bbe07688f71c5
2016-04-26 12:00:56.779247,RECV,5b0e4ef078242593a76beaa828ea5a2f
2016-04-26 12:00:56.786881,RECV,5a1af1bf72d4c2d43e9910ddbbb935eb
2016-04-26 12:00:56.802877,SEND,2f80cf5c11feaf326aaa7fb151b8bd4b
2016-04-26 12:00:56.810903,SEND,4707bd91649192e03631de5e6eae2b1d
2016-04-26 12:00:56.810905,RECV,151505824320be34f5818f6b785c5e74
2016-04-26 12:00:56.840381,RECV,e9037ddede56b97a24f765b3fa918e45
2016-04-26 12:00:56.856955,SEND,ead18701464b701fc4bc834c2422ac08
2016-04-26 12:00:56.869050,SEND,5a652e346a32afa0d2b9fe61c9258e07
2016-04-26 12:00:56.877973,RECV,16d692783078fc0e48e2bc70ed2ade23
2016-04-26 12:00:56.893168,SEND,d30c8de91169afb36dbe90a280de1538
2016-04-26 12:00:56.901883,RECV,17ff68c1d3ed4d5c9e58dfeb2630a838
2016-04-26 12:00:56.914010,RECV,f84f064987790a17044d712d5bcd8a3f
2016-04-26 12:00:56.930266,SEND,11ac0dade2adee6875a2239d95edba1b
2016-04-26 12:00:56.938033,RECV,cb32e4bfba0168f4faac258c9ffa6eb4
2016-04-26 12:00:56.944042,SEND,36b714ed4bef9fb8b018d2bdb2d899df
2016-04-26 12:00:56.968363,SEND,f5e0a3f76d7a7a84f6b13d8bd1442fff
2016-04-26 12:00:56.975068,RECV,01183c6e00c2b3328bfe158a62c555ed
2016-04-26 12:00:56.992087,RECV,c176bb90de147dd88e1f5775d65cb197
2016-04-26 12:00:57.013111,RECV,37edf7fe991b025b22da519750858f9c
2016-04-26 12:00:57.020808,SEND,842907e82f187c73cbfd658c7ac3de06
2016-04-26 12:00:57.020816,SEND,8d5c104d326cc3ab07454acf9f95c52b
2016-04-26 12:00:57.028524,SEND,ac40d4f8c33057e45d7fc7aa24509fe9
2016-04-26 12:00:57.066161,RECV,495875c469991a08c8e2f06a6f22c33e
2016-04-26 12:00:57.082177,RECV,317f9e46e0f18001cfc26ab7e4f5aaa0
2016-04-26 12:00:57.097452,SEND,3942a621329310ed541b577c7ae18d1b
2016-04-26 12:00:57.103196,RECV,feecbdc18f826b50a85484eca682be3c
2016-04-26 12:00:57.109738,SEND,3f3518b41aa59ec99876196b2ad914db
2016-04-26 12:00:57.118531,SEND,1ebde9ea9d82c219c5463f414281a1c8
2016-04-26 12:00:57.139233,RECV,6d414349f579316364818c076a59bb03
2016-04-26 12:00:57.156250,RECV,7ab96ada2cfad231afd39e9f9be6f34b
2016-04-26 12:00:57.193288,RECV,f233326472dd27729f4ea2497e0c349d
2016-04-26 12:00:57.199297,SEND,711fe3ef919da079802bc72b3050a613
2016-04-26 12:00:57.200996,SEND,3d68b2cddf97e39952d2d36b1f206e36
2016-04-26 12:00:57.223322,SEND,ec25198e6488721cd74f691a300f7080
2016-04-26 12:00:57.229324,RECV,647db8e37e0a0af8ea5c8c66648fcbbf
2016-04-26 12:00:57.232328,RECV,3c28f20f6ccb2dab283eb661af16bd85
2016-04-26 12:00:57.260157,SEND,194a62911de56cba9b661c10175ca86a
2016-04-26 12:00:57.262361,SEND,209bced8ab32907362d8c38693524508
2016-04-26 12:00:57.283377,RECV,db35daa1e2aa48470c50cd4907497932
2016-04-26 12:00:57.298395,SEND,0373f9839fd6210ea828ee76b181cd65
2016-04-26 12:00:57.305397,RECV,b17b5d559ddce7aff2453cfb3271ec67
2016-04-26 12:00:57.322418,RECV,3191f3657497a72e3977980f266292c2
2016-04-26 12:00:57.336297,SEND,b9e52fdf4ade5a20308d4bfdb575d509
2016-04-26 12:00:57.344440,RECV,e5773fa3fdca1bc72f7bd0450113a770
2016-04-26 12:00:57.353448,SEND,8700ac50f9b2ec0dc06b8c08bfea9609
2016-04-26 12:00:57.360369,SEND,8b5ddb2ac5d68fc87d43d87e5f0a9244
2016-04-26 12:00:57.381438,RECV,ee2d384ae6fc75667b24f7dbe5e6b4a1
2016-04-26 12:00:57.398491,RECV,3cb89d2f3686ec03b043d92878ccfb35
2016-04-26 12:00:57.420515,RECV,7f10dd4441b76b518d2be7247b3e188b
2016-04-26 12:00:57.426524,SEND,0bc4eb5ca4e92c8f1495b27e1d2f6595
2016-04-26 12:00:57.427546,SEND,a83638872bfc8b6bd5f3f329fb4418b9
2016-04-26 12:00:57.456694,RECV,4ed553bde2b770154cd29de0c13725db
2016-04-26 12:00:57.465564,SEND,bf8afee696d33688b9924613c6ce5316
2016-04-26 12:00:57.474275,RECV,7f885f53ef4e81f982d23bf82777173f
2016-04-26 12:00:57.487579,SEND,6aae013590e9d8a78d9c166762d6f44d
2016-04-26 12:00:57.489589,SEND,71ec2dd8460e1b4d054b2def746ad506
2016-04-26 12:00:57.525619,RECV,5a798590d7a292c5448793d632958370
2016-04-26 12:00:57.531625,RECV,02de4b40596f9c6f18650d9bf0b54b72
2016-04-26 12:00:57.534629,RECV,68d9044b820368e02a6ee4d412526dec
2016-04-26 12:00:57.541635,SEND,468121319df553dac2aa283080a1eaba
2016-04-26 12:00:57.561965,SEND,863b873138f0c6006bf22cf50f901525
2016-04-26 12:00:57.579674,SEND,34c3c4e08c1a87c9ef419fe82a155966
2016-04-26 12:00:57.586035,RECV,abe2bb831a8e54cd66c391a3afc646fc
2016-04-26 12:00:57.591686,RECV,445cd63c846619023442f3581e16c892
2016-04-26 12:00:57.601072,SEND,feb7a24fa5ecde16adc46d096718323f
2016-04-26 12:00:57.622715,SEND,311eadfc259a46cba4ea522340b81e26
2016-04-26 12:00:57.653051,RECV,348222eb5513dda5ad70152b5c2d4c0b
2016-04-26 12:00:57.660756,RECV,2ef3e5d19f02f3d83e29161a26a2aafa
2016-04-26 12:00:57.669765,RECV,dc4a98414387e7f1fa85c4a8074c574a
2016-04-26 12:00:57.682276,SEND,454d1d2f73c9ab5b31f4db744eacebc2
2016-04-26 12:00:57.693322,SEND,752ee3de5a20fc868647e244c9a21e4e
2016-04-26 12:00:57.699499,SEND,e1d4f55e794d0d1dac9767b6e71df0ee
2016-04-26 12:00:57.726821,RECV,38e312d5cb3e09d5e42240a30fddc425
2016-04-26 12:00:57.738361,RECV,c1c9773ed47819642e9ec9f5e7ea1434
2016-04-26 12:00:57.744841,RECV,bd898e9dd25ad4e1ff7c8bbacb68bc55
2016-04-26 12:00:57.774874,SEND,a042b6c021f48cd9ec49e5bce6cc40f8
2016-04-26 12:00:57.781701,SEND,f5ecd58734171d43a57ca76998b2b4c6
2016-04-26 12:00:57.788903,SEND,59354a1e9d9535b988b6e69a386f68f0
2016-04-26 12:00:57.817312,RECV,a260926f1560204faca4ceebc1e1dab5
2016-04-26 12:00:57.819912,RECV,97726042d6b530d583c690abde9e7422
2016-04-26 12:00:57.832842,SEND,9799806420a09c9f019d7e23698630e2
2016-04-26 12:00:57.840936,RECV,3412ada77e3af8622613a0eea4629069
2016-04-26 12:00:57.849947,SEND,e85dc3bfcf64d4e4b798292879437a29
2016-04-26 12:00:57.855953,SEND,7663dfb070054d141b8b0a10c1314663
2016-04-26 12:00:57.861956,RECV,bcb72570281c314fec97c68b04a21694
2016-04-26 12:00:57.893987,SEND,bb3e4f5fdee988c83cb54025927a65c2
2016-04-26 12:00:57.893988,RECV,8613bb875b208fd259ce7bf1cbff408f
2016-04-26 12:00:57.901998,RECV,3380eeefac71e84b639f56d43b44187b
2016-04-26 12:00:57.917012,SEND,25f4266823909cfb1d771cc7ab9d00e9
2016-04-26 12:00:57.924041,SEND,4f18c0b7c6eed02a04e5cade93a1a987
2016-04-26 12:00:57.953111,RECV,5d154550cda59e39386c9d744287fd5c
2016-04-26 12:00:57.962056,RECV,fd5e39420500224e13021c43bf629962
2016-04-26 12:00:57.970064,RECV,4dfe13c3a83db6b1ce2c2da618d50ffc
2016-04-26 12:00:57.986085,SEND,226967c96a7f29130e62de2c45ebc9e1
2016-04-26 12:00:57.993085,SEND,00eb02a00d539781900e3c1857d6f1c6
2016-04-26 12:00:57.998203,SEND,397945f05805f1d43c5d562c79e8a560
2016-04-26 12:00:58.016109,RECV,8b57453c73f873841328d52c276ec19b
2016-04-26 12:00:58.028124,RECV,20a4cee7779d83500ed56131c2d74f69
2016-04-26 12:00:58.038130,RECV,19e2287eb1c3f700217bc115009d3d62
2016-04-26 12:00:58.052149,SEND,df332610f4538b4d7774bc6386b93151
2016-04-26 12:00:58.058364,SEND,ccb7e129851714e36f30d4e8fdc27f5a
2016-04-26 12:00:58.059373,SEND,cbd6bc5715b2c7820ccdeb8a93a2a24b
2016-04-26 12:00:58.089180,RECV,dce9d0130f5734b66ca0eb49f26234a7
2016-04-26 12:00:58.091183,RECV,4282b8c23b28711b9af259da07334c90
2016-04-26 12:00:58.106202,SEND,2dc761fe9f9f34e1bb1635c54ea40692
2016-04-26 12:00:58.119203,SEND,4798cdea968e5a4f9ca1f0873b714094
2016-04-26 12:00:58.129220,RECV,aa6b133d4eb33009ba02e2288cfcb9fc
2016-04-26 12:00:58.143256,SEND,5d02dc6f3505df7bda598e1806df356d
2016-04-26 12:00:58.150629,RECV,5dbea061faaf1e76bde5d3b7fe3da589
2016-04-26 12:00:58.181313,RECV,17d0a90a0aa2e37bc95f28a762c528c8
2016-04-26 12:00:58.181633,SEND,503a80cda61bbfc5917363dddc6ec9b1
2016-04-26 12:00:58.203296,RECV,b8583289c2b90751c00d7eec2b73e377
2016-04-26 12:00:58.209308,SEND,17edf714585608c8853213fa6a1d2488
2016-04-26 12:00:58.233330,SEND,4003bcaac628bbd0afe8c915c298674d
2016-04-26 12:00:58.242334,RECV,e83226f8ea7191cae8b4b56c527b3de7
2016-04-26 12:00:58.255346,RECV,d04a026bf5bdc644f5358cba69bf417c
2016-04-26 12:00:58.272370,SEND,ba7ee66c098a70cfb8a8f41154347fbb
2016-04-26 12:00:58.278371,RECV,8acae27ec88b22fe4173bd06dfb6c10e
2016-04-26 12:00:58.284382,SEND,7bef0520b55acd151754a0805a8d3a05
2016-04-26 12:00:58.302164,RECV,6a531e02ce36460059c1719412e33318
2016-04-26 12:00:58.315407,RECV,eb5677d3c35fdc4d4eae5c47b2f0feb1
2016-04-26 12:00:58.323421,SEND,4255adcec54deec7e48f4f57cf38cdd8
2016-04-26 12:00:58.329713,SEND,49ea239ff0c0680b13f7bc6e924e923e
2016-04-26 12:00:58.332132,SEND,38cca07af8e7b25f47df1de6945fecc3
2016-04-26 12:00:58.368461,RECV,ecb3b0afefcdf64f75612463645f312c
2016-04-26 12:00:58.377472,RECV,b4cba4594bcff5f0726c07732c587f65
2016-04-26 12:00:58.389481,RECV,13494e0055c583690077220832feff9c
2016-04-26 12:00:58.392490,SEND,bdce235ddcaa129f4cc42378bb819067
2016-04-26 12:00:58.398885,SEND,83229166087fbffd6bb35350c65beddc
2016-04-26 12:00:58.419919,SEND,a9e594b9d5e05c6ab6a4eb1b978e0d84
2016-04-26 12:00:58.422516,RECV,b2b829ca4aa761e6ac70a3c2452ca0a0
2016-04-26 12:00:58.444535,RECV,7f8de0da3582cdb0bd8eab25be52e62b
2016-04-26 12:00:58.459037,SEND,c101f787acc1795e651833158545d861
2016-04-26 12:00:58.466058,SEND,c11eece7168ade4662b9ef9f1e11ef98
2016-04-26 12:00:58.480093,RECV,b298372fe9cefe6f73f1d3c7c5c4adfb
2016-04-26 12:00:58.503599,RECV,cb3c92410b211b0984061307ad995ec5
2016-04-26 12:00:58.509605,SEND,5a28b014856049a44099f8479992fd20
2016-04-26 12:00:58.534628,SEND,528df91570e06e4d997e85c0b605698e
2016-04-26 12:00:58.542634,RECV,2cf3e4f770fab29fb1defe37426e2ad0
2016-04-26 12:00:58.555304,RECV,f650c238132484895479a0fcc168d659
2016-04-26 12:00:58.572673,SEND,a3a13b9aaed4a01e53f50a3b3ab950d7
2016-04-26 12:00:58.600429,SEND,e9061968127c5edc1d907f879ba136ff
2016-04-26 12:00:58.602697,RECV,c68f7a9382fa55b876a3abb9ebb917b6
2016-04-26 12:00:58.617713,SEND,15709011adac8b6280a1fce87580e792
2016-04-26 12:00:58.623715,RECV,a3c1a0d40620d6a42e05f58706973d3c
2016-04-26 12:00:58.629723,RECV,9597de195b12f17c1f3793a378491a38
2016-04-26 12:00:58.638733,SEND,3bf6579dd05119884c8e7bfe82d1aaa2
2016-04-26 12:00:58.662756,RECV,a6c7d0eb5026eb0b59acff961c2bc9cc
2016-04-26 12:00:58.675659,SEND,116462cd2490e35ceb4eba72db2c63cc
2016-04-26 12:00:58.677774,SEND,6300b8157c0ff09bcc3ca8b42799b389
2016-04-26 12:00:58.698793,RECV,388a23de1c497213d5d3e1de4dce1150
2016-04-26 12:00:58.706362,RECV,b4870964dee62543647ca23ebe6fd7df
2016-04-26 12:00:58.714805,SEND,0fdaa4f962651b3e648fb7477278f300
2016-04-26 12:00:58.722816,RECV,db19673da336995b07ddddadf3d0b83a
2016-04-26 12:00:58.735817,SEND,0fe000ca172b183c13dde80111bf453b
2016-04-26 12:00:58.753850,SEND,e991ee9191caeb06047bef3a0f3dc1da
2016-04-26 12:00:58.766859,RECV,18918225a1e57b7c337d7c31ee14cf74
2016-04-26 12:00:58.783876,RECV,0cb5b12df2d86f6d789d6934ebc0c648
2016-04-26 12:00:58.789883,RECV,a9ab145425f191a15584ef2772586390
2016-04-26 12:00:58.810985,SEND,7cdfa1f68226602bdc06b590e8c87efd
2016-04-26 12:00:58.828926,SEND,3ed78f1c76925f6b2228ca6caa4dc2b2
2016-04-26 12:00:58.834930,SEND,cf4d99752070960d5dfbf5ab19f14f7b
2016-04-26 12:00:58.842563,RECV,c61ebf8a50f288d19e4aa55468ec350b
2016-04-26 12:00:58.872585,SEND,4cfb25f9acbe0131b03a826a6712508d
2016-04-26 12:00:58.879972,RECV,6691e16a28bcf23982ff1028441c1aae
2016-04-26 12:00:58.888985,RECV,7cb1086f234a9c50f671f2378bb17a01
2016-04-26 12:00:58.895178,SEND,17f282689c1f3685f88bc0fd08aab00c
2016-04-26 12:00:58.919011,SEND,5f665107f140832d42c8fb209f5f99e9
2016-04-26 12:00:58.931277,RECV,d84868ab581f6e4d25543cdfc036805a
2016-04-26 12:00:58.961354,SEND,75a1a78c8c396cc5114ce27d12622a40
2016-04-26 12:00:58.964056,RECV,632e893895a7790fc3b83fb7477b64ae
2016-04-26 12:00:58.970065,RECV,e123e160efb84931980bf35a2a2e3f0d
2016-04-26 12:00:58.991090,RECV,cb9c4ba2644906e9a2e5cdada6dce0b7
2016-04-26 12:00:59.000468,SEND,1f9723f4c19ec44661d5cc0739688467
2016-04-26 12:00:59.009105,SEND,f28ba9f87e3037548fefceaa94217ac0
2016-04-26 12:00:59.022113,SEND,b9194650891e916e195046ea1a2bc0d4
2016-04-26 12:00:59.045137,RECV,59db8227a2c56ff7cfd742963ac3c23c
2016-04-26 12:03:32.348443,SEND,98b49b88e9041540460818b5ab3bd645
