2016-04-26 12:00:56.383480,RECV,7efaa4a5bbd6cf50eb17524a938759d1
2016-04-26 12:00:56.392496,SEND,1026f726c695744822aa5df1d0f2184b
2016-04-26 12:00:56.437530,RECV,0ea99c241ef57fee4c6b9d0df576a72e
2016-04-26 12:00:56.454055,SEND,f8dca2edf9011bb8fda5abf710aa12d6
2016-04-26 12:00:56.536515,RECV,5dd4fee37e4133973a1ce77f65021454
2016-04-26 12:00:56.562349,SEND,4336a3aec49b4be96c87f77b3ebce829
2016-04-26 12:00:56.653749,RECV,07c439dd2a49d7dc9175fbe2189e0bd8
2016-04-26 12:00:56.697752,SEND,338a61545b2ce411ae4686b8889ce4d6
2016-04-26 12:00:56.753848,RECV,4eb70a92efb3e9b6d5ae286293543899
2016-04-26 12:00:56.770296,SEND,5b0e4ef078242593a76beaa828ea5a2f
2016-04-26 12:00:56.816911,RECV,4707bd91649192e03631de5e6eae2b1d
2016-04-26 12:00:56.834931,SEND,e9037ddede56b97a24f765b3fa918e45
2016-04-26 12:00:56.879976,RECV,5a652e346a32afa0d2b9fe61c9258e07
2016-04-26 12:00:56.897999,SEND,f84f064987790a17044d712d5bcd8a3f
2016-04-26 12:00:56.952048,RECV,36b714ed4bef9fb8b018d2bdb2d899df
2016-04-26 12:00:56.961058,SEND,01183c6e00c2b3328bfe158a62c555ed
2016-04-26 12:00:57.033129,RECV,842907e82f187c73cbfd658c7ac3de06
2016-04-26 12:00:57.050098,SEND,495875c469991a08c8e2f06a6f22c33e
2016-04-26 12:00:57.115210,RECV,3f3518b41aa59ec99876196b2ad914db
2016-04-26 12:00:57.124224,SEND,6d414349f579316364818c076a59bb03
2016-04-26 12:00:57.205301,RECV,711fe3ef919da079802bc72b3050a613
2016-04-26 12:00:57.214312,SEND,647db8e37e0a0af8ea5c8c66648fcbbf
2016-04-26 12:00:57.268364,RECV,194a62911de56cba9b661c10175ca86a
2016-04-26 12:00:57.295392,SEND,b17b5d559ddce7aff2453cfb3271ec67
2016-04-26 12:00:57.347915,RECV,b9e52fdf4ade5a20308d4bfdb575d509
2016-04-26 12:00:57.376473,SEND,ee2d384ae6fc75667b24f7dbe5e6b4a1
2016-04-26 12:00:57.438177,RECV,0bc4eb5ca4e92c8f1495b27e1d2f6595
2016-04-26 12:00:57.448545,SEND,4ed553bde2b770154cd29de0c13725db
2016-04-26 12:00:57.501783,RECV,6aae013590e9d8a78d9c166762d6f44d
2016-04-26 12:00:57.512612,SEND,02de4b40596f9c6f18650d9bf0b54b72
2016-04-26 12:00:57.566363,RECV,863b873138f0c6006bf22cf50f901525
2016-04-26 12:00:57.575672,SEND,445cd63c846619023442f3581e16c892
2016-04-26 12:00:57.629723,RECV,311eadfc259a46cba4ea522340b81e26
2016-04-26 12:00:57.646244,SEND,348222eb5513dda5ad70152b5c2d4c0b
2016-04-26 12:00:57.692787,RECV,454d1d2f73c9ab5b31f4db744eacebc2
2016-04-26 12:00:57.710810,SEND,38e312d5cb3e09d5e42240a30fddc425
2016-04-26 12:00:57.792887,RECV,59354a1e9d9535b988b6e69a386f68f0
2016-04-26 12:00:57.801903,SEND,a260926f1560204faca4ceebc1e1dab5
2016-04-26 12:00:57.837931,RECV,9799806420a09c9f019d7e23698630e2
2016-04-26 12:00:57.846943,SEND,bcb72570281c314fec97c68b04a21694
2016-04-26 12:00:57.901997,RECV,bb3e4f5fdee988c83cb54025927a65c2
2016-04-26 12:00:57.936525,SEND,5d154550cda59e39386c9d744287fd5c
2016-04-26 12:00:58.010103,RECV,397945f05805f1d43c5d562c79e8a560
2016-04-26 12:00:58.019117,SEND,20a4cee7779d83500ed56131c2d74f69
2016-04-26 12:00:58.064160,RECV,ccb7e129851714e36f30d4e8fdc27f5a
2016-04-26 12:00:58.073172,SEND,dce9d0130f5734b66ca0eb49f26234a7
2016-04-26 12:00:58.144234,RECV,4798cdea968e5a4f9ca1f0873b714094
2016-04-26 12:00:58.162278,SEND,17d0a90a0aa2e37bc95f28a762c528c8
2016-04-26 12:00:58.218313,RECV,17edf714585608c8853213fa6a1d2488
2016-04-26 12:00:58.236335,SEND,d04a026bf5bdc644f5358cba69bf417c
2016-04-26 12:00:58.290386,RECV,7bef0520b55acd151754a0805a8d3a05
2016-04-26 12:00:58.306672,SEND,eb5677d3c35fdc4d4eae5c47b2f0feb1
2016-04-26 12:00:58.342775,RECV,49ea239ff0c0680b13f7bc6e924e923e
2016-04-26 12:00:58.371469,SEND,13494e0055c583690077220832feff9c
2016-04-26 12:00:58.425520,RECV,a9e594b9d5e05c6ab6a4eb1b978e0d84
2016-04-26 12:00:58.461563,SEND,b298372fe9cefe6f73f1d3c7c5c4adfb
2016-04-26 12:00:58.515608,RECV,5a28b014856049a44099f8479992fd20
2016-04-26 12:00:58.550375,SEND,f650c238132484895479a0fcc168d659
2016-04-26 12:00:58.605700,RECV,e9061968127c5edc1d907f879ba136ff
2016-04-26 12:00:58.614714,SEND,9597de195b12f17c1f3793a378491a38
2016-04-26 12:00:58.685782,RECV,116462cd2490e35ceb4eba72db2c63cc
2016-04-26 12:00:58.696801,SEND,b4870964dee62543647ca23ebe6fd7df
2016-04-26 12:00:58.741834,RECV,0fe000ca172b183c13dde80111bf453b
2016-04-26 12:00:58.750846,SEND,18918225a1e57b7c337d7c31ee14cf74
2016-04-26 12:00:58.822917,RECV,7cdfa1f68226602bdc06b590e8c87efd
2016-04-26 12:00:58.831927,SEND,c61ebf8a50f288d19e4aa55468ec350b
2016-04-26 12:00:58.877972,RECV,4cfb25f9acbe0131b03a826a6712508d
2016-04-26 12:00:58.912115,SEND,d84868ab581f6e4d25543cdfc036805a
2016-04-26 12:00:58.967958,RECV,75a1a78c8c396cc5114ce27d12622a40
2016-04-26 12:00:58.977075,SEND,cb9c4ba2644906e9a2e5cdada6dce0b7
2016-04-26 12:00:59.031124,RECV,b9194650891e916e195046ea1a2bc0d4
2016-04-26 12:00:59.049144,SEND,1d81180d7ae877373c21c5f6dbe32671
