2016-04-26 12:00:56.341436,SEND,5f605a192e594826be03d27002c7f502
2016-04-26 12:00:56.356457,SEND,51ba3624d5e4d7d1281399c9cb96e4bd
2016-04-26 12:00:56.401498,RECV,d0f949d3da6b3737b5f562a05f0c0e4a
2016-04-26 12:00:56.408236,RECV,6a7ad2b83d4f656475b20ba7e5870b2c
2016-04-26 12:00:56.416515,SEND,3ab58959f956c395372ca8013926ca6f
2016-04-26 12:00:56.423516,SEND,3a1255c13b42b5750c0d67956db80a7e
2016-04-26 12:00:56.461122,RECV,797622140f4e5976d2fc8aec55915bcd
2016-04-26 12:00:56.465409,RECV,7e6048f918eaf27bd7ec1d66e05d44dc
2016-04-26 12:00:56.468419,RECV,8a67ed35363a8d1368c0e7735d54364a
2016-04-26 12:00:56.490476,SEND,f896d23a175b45da08ef85b0ccac7c51
2016-04-26 12:00:56.498500,SEND,3c740f0027d93813f3d1a9e0614be7f1
2016-04-26 12:00:56.506604,SEND,e55a90b55603f013aee609ba5b802b45
2016-04-26 12:00:56.537632,RECV,51864a124703297441ae26ed8cf7f893
2016-04-26 12:00:56.550644,RECV,8b44505be60ddb7521fee080f5f2cd86
2016-04-26 12:00:56.570736,SEND,978aca1934f20743ed0ee0dcf1aec7e2
2016-04-26 12:00:56.573671,RECV,57f0009ed4ed25a3859289e99c6d7f83
2016-04-26 12:00:56.595696,SEND,e6adfb0fd5f55e096b5f93d4b19d5d38
2016-04-26 12:00:56.612707,RECV,700d2bc2c8571ebe940bb348822619a1
2016-04-26 12:00:56.625721,RECV,fb25c7455774f252106748caa1b58056
2016-04-26 12:00:56.633889,SEND,6aea72df1ccb34838ac6f2e126786e72
2016-04-26 12:00:56.640906,SEND,730e5ac1af9c714288acbb49e206ff00
2016-04-26 12:00:56.642738,SEND,0f533553d8157e84f7ddc87d64009c26
2016-04-26 12:00:56.687785,RECV,8e3152681329f8a68b49127c5c10793f
2016-04-26 12:00:56.708807,RECV,00a8b411f61da0138603c19bfe3bf146
2016-04-26 12:00:56.715811,RECV,f0ad581149ee689008a9036cebb85053
2016-04-26 12:00:56.721820,SEND,7213c2b8feb62533e269b3c2b71af5aa
2016-04-26 12:00:56.739833,SEND,181508643650803f243b9c40d33879c5
2016-04-26 12:00:56.746444,SEND,c685d3c28e5d73f46a1b7684c337599d
2016-04-26 12:00:56.762857,RECV,8faa6cb009fe6f968b90d34cfc43192f
2016-04-26 12:00:56.775871,RECV,d5fd68d98bac559ebedc4151f0831233
2016-04-26 12:00:56.782539,SEND,00f94379f467a50a63eaa51c5d3d2304
2016-04-26 12:00:56.784547,RECV,4c51bf827f7eb01e8a5fc151a3d81b14
2016-04-26 12:00:56.790889,SEND,934780f996a365ecd251d21be422dac9
2016-04-26 12:00:56.813913,SEND,bec3050dc28234ea9d36d7f335f3c14f
2016-04-26 12:00:56.822918,RECV,0518b3c99a7dcefab38c4265e5377a59
2016-04-26 12:00:56.850946,RECV,7bc6a79630ba491e33f29f561d987f27
2016-04-26 12:00:56.867967,SEND,f4324b137d4968988623ddcf1c70ed5e
2016-04-26 12:00:56.873968,RECV,f487cbf74d73f5cf5485eed7ca1e395a
2016-04-26 12:00:56.882215,SEND,b82bbbb443c454376b8b62b1f77d76c4
2016-04-26 12:00:56.904000,SEND,4082f06d86576fbc10fd7173f3c60101
2016-04-26 12:00:56.912241,RECV,98ba77c70dd81775efe4ae60f9b88196
2016-04-26 12:00:56.916917,RECV,15614d80320f59e4d0d090a0cb581fd4
2016-04-26 12:00:56.934026,RECV,54ffdf46449f1cf3a6a2adffafd15737
2016-04-26 12:00:56.941039,SEND,a05773d98062239f5199fd1ba08530c0
2016-04-26 12:00:56.943039,SEND,961d8c3520e0261a559c7fde93c162b0
2016-04-26 12:00:56.949046,SEND,d26956b11134aad7b5f1b27620dc72c5
2016-04-26 12:00:56.987080,RECV,3e7043bb0795d7e328a95d7bc0a8afd4
2016-04-26 12:00:56.989083,RECV,cd98d8ff122bc8fe31f7945d982cb456
2016-04-26 12:00:57.011105,RECV,b5ae0791cc547553f16c14bdff7ffd69
2016-04-26 12:00:57.040538,SEND,d4408debfff11c20523d1eb613682779
2016-04-26 12:00:57.048140,SEND,a1dbc2619debd9aa9133b544fdd74ad0
2016-04-26 12:00:57.049148,SEND,441fcb0f4b66755ae9476aec8d1a4046
2016-04-26 12:00:57.079174,RECV,257cdeab76db448e7eeff947da28a25b
2016-04-26 12:00:57.085179,RECV,028627f0c9c037e23bab693a251baac5
2016-04-26 12:00:57.092186,RECV,afbc7498aa68ecf62d00dc3facdca18d
2016-04-26 12:00:57.102197,SEND,3fff0e01158a67bb83b67d21c4f03b8f
2016-04-26 12:00:57.107723,SEND,3f1372840fa6f9e5161db3ed46eaee9f
2016-04-26 12:00:57.113210,SEND,67ca8e7031c1f299915095a7f575eac1
2016-04-26 12:00:57.137232,RECV,df0fb312ae799b3194d8082953521228
2016-04-26 12:00:57.152637,SEND,57ca62de9165abba695230fe6bebbb9b
2016-04-26 12:00:57.165336,RECV,3b1d5c2fdd5d0dec18ec1f170735bd3f
2016-04-26 12:00:57.169263,RECV,522468999565dd668b7635c803306156
2016-04-26 12:00:57.182278,RECV,3c7c01abd85799871d2efe3d5a38d8e9
2016-04-26 12:00:57.192286,SEND,4df444a2f544629c942d5fa37b99533a
2016-04-26 12:00:57.197983,SEND,09e50e8438ce1db4d5dd19943feab6c4
2016-04-26 12:00:57.203304,SEND,d8008524e8a855bf96e42b42b647f1d3
2016-04-26 12:00:57.228321,RECV,653e9dc3f01f3efbef78e5475bbace17
2016-04-26 12:00:57.237343,RECV,d099697b1cc062ef8151b22b56434210
2016-04-26 12:00:57.242341,SEND,3e6c76df142db7cbac9b113d80fda014
2016-04-26 12:00:57.268197,SEND,12ade5a1b3a2e8472392cd5352547788
2016-04-26 12:00:57.273366,RECV,4d7ec4425e8de6a4c6d1a8edddc35e55
2016-04-26 12:00:57.278220,RECV,85116288492ca28a5c25886a501bfc12
2016-04-26 12:00:57.302396,SEND,c138c47dc54935fb751e346e6dc7705e
2016-04-26 12:00:57.310405,RECV,709ea7b163e40faab5b6f2e8689d365c
2016-04-26 12:00:57.326353,SEND,b6a8ee22a8748e8002bc853f244a3e1d
2016-04-26 12:00:57.334382,SEND,ab44990eaa17e11a9f2c8d7a4e784324
2016-04-26 12:00:57.347440,RECV,1c62da3d815f42c94780f7ce2787a371
2016-04-26 12:00:57.378498,SEND,7323fdc474946075807007ff78427ea6
2016-04-26 12:00:57.386481,RECV,0804c23e44b1c4ffc5325fe168d3b5cb
2016-04-26 12:00:57.394532,RECV,20315eb0ae9c9ebe059c05191f2cce56
2016-04-26 12:00:57.401499,SEND,14a60f531f5531d1893f820c1af7ce14
2016-04-26 12:00:57.408504,RECV,0830c412eeee9c035efa7f35d36644b3
2016-04-26 12:00:57.438535,SEND,2184ba3eb5749eefcd1af5c267644184
2016-04-26 12:00:57.439648,SEND,02911973ae82cbc29a53ec46372c18fb
2016-04-26 12:00:57.446540,RECV,2127745def6ea4d420dc292bc56b88de
2016-04-26 12:00:57.463366,SEND,79609835db614406d31d64eff682d5e7
2016-04-26 12:00:57.483578,RECV,8cb6912b81ae9d001484b7b34aa223fa
2016-04-26 12:00:57.499807,RECV,c0853bc0278a6c6870204ea00d18cd55
2016-04-26 12:00:57.513612,SEND,5a8d21a94463119bede92b2e7cf3ea48
2016-04-26 12:00:57.521615,RECV,d0cdbb4c52681c44f8ce7d18e0422d51
2016-04-26 12:00:57.530628,SEND,4315336585179b217aadf0de677cac84
2016-04-26 12:00:57.544745,RECV,c9b827a15eb40a2ff54a91fdbae86915
2016-04-26 12:00:57.552717,SEND,277c9d17ec48c1df575a4bdcb740a2bb
2016-04-26 12:00:57.558656,SEND,1636b00239d030080b0a1bf1720cdfda
2016-04-26 12:00:57.564658,RECV,6f6421eabcd8c287c49d30fb6693025c
2016-04-26 12:00:57.589682,RECV,80a7ced1037e5d2c9029c7efb11a1902
2016-04-26 12:00:57.609708,SEND,6ad51ac2ca43b08e8cb47bb3de3dab27
2016-04-26 12:00:57.611708,RECV,c615e1628937cb6bfd334a5bc0a8e963
2016-04-26 12:00:57.619250,SEND,f39e28f9477023d4fe63ed33b9ffb9b3
2016-04-26 12:00:57.639996,RECV,93c1c079cb48cd500560fadbdc1f64a6
2016-04-26 12:00:57.648744,RECV,6ca0c9ccbb21d8f843c2c6ad23f36c4c
2016-04-26 12:00:57.656754,SEND,e2c7f9f74f65284007ea8adb161e8165
2016-04-26 12:00:57.664377,SEND,6fe5b24902c8f0aeb95a701cc2c4507a
2016-04-26 12:00:57.665760,SEND,457d212eeae199b35263e48e778d6798
2016-04-26 12:00:57.693789,RECV,24a828385f6cb12a42e41a6b6e583f84
2016-04-26 12:00:57.701792,RECV,e6c5c78c9d15f739b12f058c812348ec
2016-04-26 12:00:57.709515,SEND,9c1235d5eb356e33c4c8c3ce7dc79ce4
2016-04-26 12:00:57.710519,RECV,718991e86d48c6891910dd9b6c2a51d4
2016-04-26 12:00:57.717540,SEND,90e8563980c300e3bc3208123a60ae8a
2016-04-26 12:00:57.726260,SEND,2a7ee4e51241171e5906521a2695fac1
2016-04-26 12:00:57.753849,RECV,11d2bd8d389d211a111bcad94cf9f92e
2016-04-26 12:00:57.760356,RECV,ac50d9880e0638a37e81b012c9495b1d
2016-04-26 12:00:57.761855,RECV,51243a4402e5f81437bd7343ad582044
2016-04-26 12:00:57.769862,SEND,63c8b2828b303f3cb77813c196467f3f
2016-04-26 12:00:57.774871,SEND,06caecb1ea898dc67b5233f5f1a56bb0
2016-04-26 12:00:57.777696,SEND,202fcc28c9b25628e2756ce8d08c7184
2016-04-26 12:00:57.800893,RECV,abe62e4c46cc5e2614831b1919870be8
2016-04-26 12:00:57.815907,RECV,f3423a88f93d4dfe2cab2d10efd6c6cf
2016-04-26 12:00:57.829839,SEND,f0d42659309d5a68a10e4b570ca334ce
2016-04-26 12:00:57.836930,RECV,cef768b5ce86e63e757d06e73eea78fb
2016-04-26 12:00:57.845887,SEND,2f4463973809a6509ddb08ca70685d31
2016-04-26 12:00:57.852908,SEND,4b9439df1ca257737a93a3e6c8a917fb
2016-04-26 12:00:57.860953,RECV,b760eb668b5b40c21968caef48a520e6
2016-04-26 12:00:57.889991,SEND,8dd143f1175e6d810abf9717f2c4ef14
2016-04-26 12:00:57.891987,RECV,295f446b37eff923382289de99f04626
2016-04-26 12:00:57.911010,SEND,b360c3666ca9da48c4302f989d93cb68
2016-04-26 12:00:57.913044,RECV,32dc9be5efd4894bfb28b45f6a53305f
2016-04-26 12:00:57.928614,SEND,36c1e34ac3c91f92bc1fa66f14812e03
2016-04-26 12:00:57.950677,RECV,74721c5b03507e4ac66021672bfe7744
2016-04-26 12:00:57.965453,SEND,e980ecf37e20da3841e0d13afd9b421f
2016-04-26 12:00:57.966727,RECV,bea97e9d838da0031e43c34906ccb27c
2016-04-26 12:00:57.973065,RECV,269735933467bbad0622bf550eed25d5
2016-04-26 12:00:57.985784,SEND,718257a474297e864de27b95b9275ea4
2016-04-26 12:00:57.995089,RECV,87fdc6b930114e8e6d81541ac748dc82
2016-04-26 12:00:58.030905,RECV,22e4b8f3d5ada360aa406894c677e26c
2016-04-26 12:00:58.033131,SEND,956d62a1ead5a5479add27e838535168
2016-04-26 12:00:58.055965,SEND,183131c7f340147302b6ac3436fc5987
2016-04-26 12:00:58.072014,SEND,50daa49f0a2a2502173f8c78ade554f4
2016-04-26 12:00:58.093187,RECV,8760e2633fdcf2485a908143c6624444
2016-04-26 12:00:58.109447,SEND,7386eaadd11e162e92d293ea24151fb9
2016-04-26 12:00:58.116211,RECV,45a4eaafff0b2015b28a5840b9111413
2016-04-26 12:00:58.132225,SEND,f51a5cebe891137c0d9052dcb4e45f38
2016-04-26 12:00:58.152247,RECV,5699ee6fe86738b7b44694a26193b56b
2016-04-26 12:00:58.154247,RECV,395d993aa6448bc3a194511a152ab7e4
2016-04-26 12:00:58.207300,RECV,c17286b55246aad54c3f29f9c153878c
2016-04-26 12:00:58.215438,SEND,24734959bc63fcbe8becc14240f42ff5
2016-04-26 12:00:58.223315,SEND,27513e3381207deb01d3c2f5db47242c
2016-04-26 12:00:58.224161,SEND,f7a785de25b5263bdb9e09be50af7d72
2016-04-26 12:00:58.254347,RECV,ff5c5a5c26559fa523d6a53ac7ea1d95
2016-04-26 12:00:58.275130,RECV,411b89def2f715a9bb98118ad5fb0ce4
2016-04-26 12:00:58.282376,RECV,a566c086619cdf21fb3522a60fe249ce
2016-04-26 12:00:58.290747,SEND,32c2420b7ee5dd007ebcbbd3e0ee6298
2016-04-26 12:00:58.297762,SEND,9dad11e36e13d7a5d1327b751ea92dba
2016-04-26 12:00:58.299395,SEND,dbc8b0ee5785d08ee4aa9218053bceea
2016-04-26 12:00:58.342437,RECV,4f438b953ca64ac6d046e8088a97813b
2016-04-26 12:00:58.360451,SEND,448f326a1535e13eb6d40aa9d83f6fb5
2016-04-26 12:00:58.365460,RECV,64f40f020fdf4d916bbca2f1d415279e
2016-04-26 12:00:58.374468,RECV,44cf65dbe96d1f7451d62301e86d0796
2016-04-26 12:00:58.387483,RECV,0fffb4c50a0fb1cd5206719ad563300a
2016-04-26 12:00:58.396489,SEND,5e06857542eddedd8415bf33172626f6
2016-04-26 12:00:58.403058,SEND,26c93c43010018659cc804fe0fee0cbd
2016-04-26 12:00:58.419785,SEND,c1d2343aaabc690cfa8bc1e6e4f4d303
2016-04-26 12:00:58.456255,RECV,993a11d5c866f195c02cc3d62a567680
2016-04-26 12:00:58.465560,RECV,c615bc98af6120a54be66f89b7f92772
2016-04-26 12:00:58.471568,SEND,1623214bd4f20f838e2836a477e71d4d
2016-04-26 12:00:58.478571,RECV,963feb248ef3c3edac076b3d1c7d182a
2016-04-26 12:00:58.499599,SEND,17178bae5d0c5664b7c896b021e65815
2016-04-26 12:00:58.508601,SEND,21491ef340a8115ea45e668a516fd5e7
2016-04-26 12:00:58.516611,RECV,592034d61ea54c649b26b1a596097796
2016-04-26 12:00:58.532045,SEND,b98db3b8dedc4b4b28c569706b8cf19a
2016-04-26 12:00:58.553650,RECV,4ba95e03cfdaf3b5de32f29465b98fc2
2016-04-26 12:00:58.559656,RECV,357440fde701217108acce911e681e1f
2016-04-26 12:00:58.568664,SEND,8949e14eede139f5d9e24d64e454e552
2016-04-26 12:00:58.591686,RECV,68d1176ac5eba1dc8b7e780086fa454d
2016-04-26 12:00:58.598694,RECV,06581adf9dbb243e63afc0a5b2cf1186
2016-04-26 12:00:58.604257,SEND,3b991a136fc47d3c8c47206120ec6bc9
2016-04-26 12:00:58.621719,SEND,c5f021ed09d8e9e69810e2db2e661845
2016-04-26 12:00:58.629722,SEND,d37777355d133b951e1e7821a0fff000
2016-04-26 12:00:58.645737,RECV,103c08bdbc6dd904d851d6eba551816d
2016-04-26 12:00:58.660757,SEND,a5b29c24a7a587418ff19f3a70f25d6d
2016-04-26 12:00:58.682641,RECV,3f72c18a09e27df906c68d2fe92c074e
2016-04-26 12:00:58.681774,RECV,fce8bccae38b0219f7a3e5ad9076b46b
2016-04-26 12:00:58.697533,SEND,cf3bbd146c923b1d7f9ea8632c70fd43
2016-04-26 12:00:58.704553,SEND,026f6deb07d0e7813e329304607b22b2
2016-04-26 12:00:58.735832,RECV,11776c6475335c508ab1435d8275bc1b
2016-04-26 12:00:58.748841,RECV,d25e6d927781eac7d3c27a23cb980c36
2016-04-26 12:00:58.756850,RECV,2d90400ed32b22f1c7465cae765c2884
2016-04-26 12:00:58.764857,SEND,09b168d0ff806e054f8dca85c827f68a
2016-04-26 12:00:58.765865,SEND,023305a00d40007fe3e3f20f0eb7ca0e
2016-04-26 12:00:58.786883,SEND,692a2f5da267f23d919a7e24e4be1e77
2016-04-26 12:00:58.825918,RECV,bf48d0c919ee4bd6f4b68b8af82ee2d9
2016-04-26 12:00:58.839484,RECV,2019e8acdd50ae0ba56d7e7c74aaf52f
2016-04-26 12:00:58.847942,RECV,6599adecf0b04811755d9336603a02ce
2016-04-26 12:00:58.855947,SEND,bf49cbdb7c1eb019b7e1515fd2873be9
2016-04-26 12:00:58.863955,SEND,2531ee8648a21806d4c85533a17db9c3
2016-04-26 12:00:58.871015,SEND,ea30e43455ffc6f25ca6a27dc13ea52f
2016-04-26 12:00:58.900991,RECV,8b9f625f0c0756fc4fd3b7fd6f268f8f
2016-04-26 12:00:58.915109,SEND,878808c16d9950ae23a0328d29ea2e38
2016-04-26 12:00:58.932026,RECV,017bdc8d3c2900db2feb84a6ca689c67
2016-04-26 12:00:58.938025,RECV,b312982c2356512f803165fd58b38b80
2016-04-26 12:00:58.945040,RECV,5327b38dc3165bea374a5b953810b9bb
2016-04-26 12:00:58.950204,SEND,7c021f8f6b12f21eafc254a9ed47fe80
2016-04-26 12:00:58.953210,SEND,2bfdd7eb191c24b8ab8fbff40d58c6fa
2016-04-26 12:00:58.975264,SEND,9cee60e38d53b4daac48fea130398d8c
2016-04-26 12:00:59.007099,RECV,be2c87502aa15d9d21a9688081358a8d
2016-04-26 12:00:59.013106,RECV,4fb1b7b8cf47baebea7048b4d9a4e275
2016-04-26 12:00:59.020113,RECV,2baa4c6996d10bc004cfde3c18926b6c
2016-04-26 12:00:59.028546,SEND,49738d8b928100193369141d207ef08e
2016-04-26 12:00:59.041140,SEND,ea1440eb2498dfdaed34d68cad4b397f
