2016-04-26 12:00:56.331437,SEND,7e0777ec9526de88d11dcdc4c0ffbe52
2016-04-26 12:00:56.378480,RECV,527969ad5f3cfd287dc9d7bd64370556
2016-04-26 12:00:56.384487,SEND,99804ec20417a7a36f4bbd850aa29984
2016-04-26 12:00:56.422591,SEND,fe82580e45c8dd06096189faae0fbd5a
2016-04-26 12:00:56.468564,RECV,155bf66c6da2b2ce415272bb039d16a9
2016-04-26 12:00:56.474028,RECV,d866538a7f265ab2887f1d50c7d67b6d
2016-04-26 12:00:56.483585,SEND,a3dbb6c3399b008b8ba2d2da277cfd14
2016-04-26 12:00:56.489588,SEND,0d01942c021a367b8b32ea377021a614
2016-04-26 12:00:56.491587,RECV,1afc82d21a5ef5540bd1f574e8509277
2016-04-26 12:00:56.506601,SEND,c3266b4fd74f5e8df8f94195f5d1aea4
2016-04-26 12:00:56.519617,RECV,a814243532aec86ed787cad8c8c72dd1
2016-04-26 12:00:56.528624,RECV,bae964a23978536e518bcda30673c79d
2016-04-26 12:00:56.550053,RECV,502a08fb79586da9f10855ccff0e74de
2016-04-26 12:00:56.564807,SEND,858ac53e8d24dd4be3e1568878ccb762
2016-04-26 12:00:56.573367,SEND,cabcde54fd4d99fd004c0be442e4f37b
2016-04-26 12:00:56.581681,SEND,e52b8cbd43d5d4eeb36f0af1f5a79e5e
2016-04-26 12:00:56.594691,RECV,3a6db1a593bd054a046211966412d2e1
2016-04-26 12:00:56.609710,SEND,7cb0a13014e16d064149505efed29f05
2016-04-26 12:00:56.611706,RECV,73776d2a0c5ccd7c5dda90e3ddf4fa42
2016-04-26 12:00:56.626725,SEND,f00b062881632328e5d98a2f82df35ef
2016-04-26 12:00:56.639735,RECV,74af83c1e2ff85522e6520760e4794df
2016-04-26 12:00:56.669767,SEND,775d05c8d0e82c631923edb31dfa6f1d
2016-04-26 12:00:56.670423,RECV,da6f21807fb32e12f19031934bfb102d
2016-04-26 12:00:56.693793,RECV,f116336a8ba19c8270d5530d23f7efe6
2016-04-26 12:00:56.701799,SEND,c66a8dd3bbd7599be4d713c0997485bc
2016-04-26 12:00:56.723827,SEND,3ca6bf55e33381415befba40df5a1c7e
2016-04-26 12:00:56.731825,RECV,12222a168c0fd66e528a164ae4a0f25f
2016-04-26 12:00:56.744839,RECV,61540b4db1f5042c9c3d541cc03cf274
2016-04-26 12:00:56.775873,SEND,2675f3f34fc959a73187f14f6156f2ca
2016-04-26 12:00:56.783878,RECV,6ed60ce10c14d7a13637175bc33b2063
2016-04-26 12:00:56.819920,SEND,fb288a644805537df6b12c50910bba1a
2016-04-26 12:00:56.821919,RECV,619dfaeadc73d33c754bae4396573aae
2016-04-26 12:00:56.852951,SEND,7e3d64028ecf3407ed3c90ee5c261d7f
2016-04-26 12:00:56.859963,SEND,4e7f7c81dd7752e684f15fbcb3d1fb48
2016-04-26 12:00:56.880977,RECV,79851875d2b7f1f7ad0bdf5a9b522768
2016-04-26 12:00:56.911008,SEND,ec516932420121d0e8534b3ce576fc0d
2016-04-26 12:00:56.897992,RECV,8e06d3157bbeeb73c17a2338d5bec3d3
2016-04-26 12:00:56.928025,SEND,b3372fb1306ac63dbed0506dc4f673b7
2016-04-26 12:00:56.935027,RECV,568a0af9123ba4e94fb1fe648a661992
2016-04-26 12:00:56.965065,SEND,58b4233e6deddeb5e0cbda42834c14bd
2016-04-26 12:00:56.970064,RECV,5a93a824b4e2b2befe953bab1d92f544
2016-04-26 12:00:56.986345,RECV,d537d0d304bc723f16208074f0a9a3a3
2016-04-26 12:00:57.000645,SEND,498122765054948110c73593c69bab4b
2016-04-26 12:00:57.011102,RECV,8384353ac5eac43125b8597ccdfcb5ed
2016-04-26 12:00:57.017209,SEND,a22b3d0e63ef40b69614185889f5dff4
2016-04-26 12:00:57.041136,SEND,4761dac2f3307693c524b0679d28ec65
2016-04-26 12:00:57.063160,RECV,f4913cdb002060761c12e37993c7211c
2016-04-26 12:00:57.091778,RECV,d6b867c00415507211f27a32e8355c04
2016-04-26 12:00:57.092421,SEND,7efc6eeb1fbdb011abf44a7d7a863632
2016-04-26 12:00:57.115209,RECV,dab1567905420817ab63b661c9902322
2016-04-26 12:00:57.131228,SEND,0e0b18adde84756eb1a310b176d49238
2016-04-26 12:00:57.136789,SEND,1b25421a8419e7e47fa92213097ecd9d
2016-04-26 12:00:57.137547,RECV,6959729d7b668e9456ad506538757a44
2016-04-26 12:00:57.154254,SEND,48517d18a54c7bd3f703d4d6c2c4f649
2016-04-26 12:00:57.175965,RECV,07a03fdd66fdbe8d33c200eb69dfd6dd
2016-04-26 12:00:57.182278,RECV,a7fc7b693c8b0edae2b38f34363d77c8
2016-04-26 12:00:57.199295,RECV,bea61505b79da65bf74c98237e3a0b88
2016-04-26 12:00:57.212700,SEND,bd0d1649fe0ec4f14686a413ec978ad0
2016-04-26 12:00:57.214311,SEND,ff57f81ba5440e9560489a0e64239760
2016-04-26 12:00:57.221325,SEND,eb0ad7d2b6bf734225ce62445ab00ba8
2016-04-26 12:00:57.251346,RECV,f053693e394101e791f629557c0def8c
2016-04-26 12:00:57.258354,RECV,b59f4dc25e9adc448bbc4790eb3bc49e
2016-04-26 12:00:57.286381,RECV,21d445cfafd5b0bc0dba0465456c198e
2016-04-26 12:00:57.297395,SEND,15ac1ea950f5437440dd07ff691b8f8f
2016-04-26 12:00:57.305404,SEND,79255a4db16f7e3bfbdfdf097bd3d13b
2016-04-26 12:00:57.318422,SEND,a2b8cdb91cb9370ae18d5f90a81dc098
2016-04-26 12:00:57.342436,RECV,7a0ebb1156cb2f4ef890333fae074617
2016-04-26 12:00:57.348529,RECV,cd0aefb6f2378f9d11b42f3cc696d426
2016-04-26 12:00:57.357459,SEND,a2609baac331cfba94916c2126c17afb
2016-04-26 12:00:57.363458,RECV,f596e14e14a110b3c3536c4d2e44a751
2016-04-26 12:00:57.380481,SEND,3e6f7295490aab6374bf8e4a73857dfc
2016-04-26 12:00:57.393493,SEND,efa689bdc69f07a3dd02218b59114e76
2016-04-26 12:00:57.402499,RECV,fa31be21c9a361a2dcc6193a8ff805c8
2016-04-26 12:00:57.417520,SEND,d80ac108170eee8976f15ecd2771bea5
2016-04-26 12:00:57.454616,RECV,f688dccef60f13602072f1e77fce8d3c
2016-04-26 12:00:57.468099,RECV,0fa2415cc69d1c277598f0032e12edd0
2016-04-26 12:00:57.470565,SEND,8b563bf9caaa456689ee7241dbb24529
2016-04-26 12:00:57.477572,RECV,d412aca7a4bb637dcee6748527bf7d84
2016-04-26 12:00:57.507607,SEND,e7debf041b2eecbb331acbc8a91a16a0
2016-04-26 12:00:57.514613,SEND,99e4069bfd1ab3d6769c5cb44a646cd4
2016-04-26 12:00:57.516316,RECV,28051e431a3cb2d43c52a8a2e3aebd3c
2016-04-26 12:00:57.559747,SEND,9873237c6161b3a4c8ae4d9267857779
2016-04-26 12:00:57.581811,RECV,f8c9a5881a49172d3f5116183622cf55
2016-04-26 12:00:57.589683,RECV,7d9c307e44d5098a7bbaf36ef4874ff5
2016-04-26 12:00:57.606703,RECV,f798f0fc9551af041b66d24330aa2faf
2016-04-26 12:00:57.613715,SEND,56dec7729a183241ef9fe8e1d23340c0
2016-04-26 12:00:57.619719,SEND,f3aabd6aa92074e2d6992a5c96c0a5be
2016-04-26 12:00:57.650342,SEND,f8106392d1793c07ea4717efa316c9ae
2016-04-26 12:00:57.658753,RECV,11c4ea69e866a934aadab6a091084f70
2016-04-26 12:00:57.679166,RECV,43499d0219e6b970cf4965a5ac495396
2016-04-26 12:00:57.687716,SEND,a87db66583b066cbca2da60232955e19
2016-04-26 12:00:57.696434,RECV,ae7022f5d28fb8f6963598ad7f72ba6e
2016-04-26 12:00:57.724464,SEND,16c0b3607d36f43011c1ded86bf2ee5c
2016-04-26 12:00:57.725240,SEND,47e3d7d9b98ce249f68b5888038de316
2016-04-26 12:00:57.748843,RECV,6f0b93ee4e7ad6874a2317c1d9b32eff
2016-04-26 12:00:57.756849,RECV,5dcf921ab6b7d55754727c1bce23723d
2016-04-26 12:00:57.763861,SEND,be9fea67fd0f3ad5a2dd9845ff75f32c
2016-04-26 12:00:57.784878,RECV,a0e840ad5fd456b7541145514fd7b937
2016-04-26 12:00:57.786885,SEND,4eb04cce2faaac4509c04f8ac68217ed
2016-04-26 12:00:57.814879,SEND,d0e164fc1f7c89c733b201e42c865b32
2016-04-26 12:00:57.823919,RECV,4ca8c399f5610728ceb58a6d9cad2366
2016-04-26 12:00:57.846670,RECV,4ed2bb55ab7456517ad0763720608b8c
2016-04-26 12:00:57.853952,SEND,3a702643fcbd92e1de0b426fd59d3042
2016-04-26 12:00:57.873969,RECV,92cf96c6d3df2ee25381a4b94e80c4d7
2016-04-26 12:00:57.875796,SEND,1c041da07cadb936253220ec0a0bddac
2016-04-26 12:00:57.905002,SEND,b118427f3bc206e54bf79fa89ac4ffe3
2016-04-26 12:00:57.907006,RECV,bfe5a8fe9ab847b0cba747ae68a95c73
2016-04-26 12:00:57.929024,RECV,5ab35a01048e3e9574e6655bd24b342c
2016-04-26 12:00:57.937804,SEND,059cded16b3c008bc76524ca19d4f6ef
2016-04-26 12:00:57.960058,SEND,04441b969d4d5670bf5713c147776232
2016-04-26 12:00:57.968063,RECV,fbf6ddf22beeaf080bf16ba1390bb720
2016-04-26 12:00:57.980678,RECV,d68f1be8aed4bee20429350f3d6488c6
2016-04-26 12:00:57.983083,SEND,465e5269cd2e93e813e7ef68b957f186
2016-04-26 12:00:58.010146,SEND,0f11fd405d050dd6c98309fce7a27c8e
2016-04-26 12:00:58.020115,RECV,4a7dd133c0cd8850a245f40982db5fe1
2016-04-26 12:00:58.026646,RECV,3f45844b1a04a2f003e5340253ab1237
2016-04-26 12:00:58.056149,RECV,3331c83a27e9d8501c45e3bb57131802
2016-04-26 12:00:58.058156,SEND,12af095f9d3f738ba036656f9b19bd29
2016-04-26 12:00:58.088179,RECV,5d2fb5d10205461e3cf33f5910280909
2016-04-26 12:00:58.094190,SEND,5054ac015f6a37f661ecd56ca3fe19e4
2016-04-26 12:01:05.008639,SEND,e25f3eec786c9e70ba4be60891032c09
2016-04-26 12:00:58.134233,SEND,32a4bc5f3ebc55c6219f16ce222bb3b4
2016-04-26 12:00:58.147240,RECV,1c70c916717b21cd78d4c0a14dd46a6a
2016-04-26 12:00:58.154520,RECV,eeb1ce3b0e7ca065623df96f0050702f
2016-04-26 12:00:58.176676,SEND,b5ab0ff150abaa6331727dab3546b0ad
2016-04-26 12:00:58.186286,SEND,4395e5b9fb155a914aec77251524558c
2016-04-26 12:00:58.194290,RECV,b9d9bf7d3de52b83670b4e61818db26a
2016-04-26 12:00:58.221315,RECV,077e33ae6746a0e48efe5bc1ceba11fd
2016-04-26 12:00:58.229747,RECV,feded8db16c5f32b5f1341f0f1ccccfb
2016-04-26 12:00:58.239337,SEND,af193ae11ab6e5e46a4b33e84984cefd
2016-04-26 12:00:58.246344,SEND,03e717fca8d29068dfc7245a87952950
2016-04-26 12:00:58.252559,SEND,55b7282f9f64de292532a180bae4c4b6
2016-04-26 12:00:58.282376,RECV,6de259c5b46c16f03e9bc6c4f8648cae
2016-04-26 12:00:58.291384,RECV,f72e8c58b7ed25efa923fe24967feb0e
2016-04-26 12:00:58.319997,SEND,6ebe87d088fc7c353b6b30e2a1c17cca
2016-04-26 12:00:58.328214,RECV,4ad88be4556e78823175d86b61330b28
2016-04-26 12:00:58.341438,SEND,43ff3d0ed92b9bd7bbafedd1bb094cc2
2016-04-26 12:00:58.344438,SEND,0bd57eb9d57429d8d543d86c6dcb6cc4
2016-04-26 12:00:58.372465,RECV,8ea263ec7fb1fb4ac528bcbf97a217eb
2016-04-26 12:00:58.374468,RECV,aa86d969a7d897c898b33e8101b93ac2
2016-04-26 12:00:58.381476,RECV,2a00b16d10f7f112ed925280fabd2c8b
2016-04-26 12:00:58.402495,SEND,4b9608d2d7231fa0fba35bd143462fc2
2016-04-26 12:00:58.411510,SEND,081313d53714bb2066ea70ead26a4fb1
2016-04-26 12:00:58.434531,SEND,bf1556cc79bedb147a8021bfa65f92e2
2016-04-26 12:00:58.447540,RECV,87d2ac734e60172cfb1a0ddd58ee2156
2016-04-26 12:00:58.464556,RECV,2c306ca0da06121f114bfdebc89243cb
2016-04-26 12:00:58.485842,RECV,2ad727bde358a9adb8b04b90a2cd97f0
2016-04-26 12:00:58.492586,SEND,5ee04aedd770c274c305ea67eac9e34b
2016-04-26 12:00:58.494530,SEND,24da367abb0f7218fbc1622a5d8b1559
2016-04-26 12:00:58.516614,SEND,25ea37e24a508c55b3d5a919392c8817
2016-04-26 12:00:58.537632,RECV,0f6a11b7084ac1c5a72c19a9a66b3f5b
2016-04-26 12:00:58.553665,RECV,79d256f5ce274ebda98d994b719ef7a9
2016-04-26 12:00:58.568664,SEND,0536506401f9df5507b62d5058fcf079
2016-04-26 12:00:58.576672,RECV,0bf2df7feecad6ecc9fcac1c51ee83da
2016-04-26 12:00:58.585682,SEND,9d49059a4474617d9a0d07fe937718da
2016-04-26 12:00:58.592691,SEND,3fb20f2190dfadbd6df7c2db3bd41e63
2016-04-26 12:00:58.598692,RECV,a051cf880493af65e8be37d4044af905
2016-04-26 12:00:58.615708,RECV,e693d168925a6d4cf442f096d4628a3a
2016-04-26 12:00:58.627682,SEND,a8e83b40b74e39e35258c8230202587f
2016-04-26 12:00:58.630724,SEND,e7d9a714c5a12c1928dedc304e441b12
2016-04-26 12:00:58.637732,RECV,e4f9779a946430a16704d6945aa88f2b
2016-04-26 12:00:58.660756,RECV,bcd815973c2615b8447631fa4a3433d4
2016-04-26 12:00:58.665998,SEND,7ee8ef4113b7967e94e7a05e380e9ab7
2016-04-26 12:00:58.672766,RECV,bf772d944447c7ae7386b52136d737ff
2016-04-26 12:00:58.675778,SEND,fabc3dbbcb8c00e5e840e0bebff74df7
2016-04-26 12:00:58.720813,RECV,7408973bf379317ff4943f624f486167
2016-04-26 12:00:58.727829,RECV,ce95d8cd3a966807c86261291d03db4f
2016-04-26 12:00:58.735831,SEND,1fc9b661abcf83b5698326c2798db1e2
2016-04-26 12:00:58.742292,SEND,11d6f0d41adc307ed862b3ebfc9708a4
2016-04-26 12:00:58.748845,SEND,bae774ce2fa11b1f798c9f714abfbd14
2016-04-26 12:00:58.778871,RECV,c1b6bd748346d23fa0d936054b6cf1b3
2016-04-26 12:00:58.780699,RECV,c03a72d71b1409818752ec30948ca553
2016-04-26 12:00:58.787878,RECV,f9048f02cfc6f14eb5940a5af09fc673
2016-04-26 12:00:58.793890,SEND,0b1b3a69f7ede9f2dceb1c08207cfd04
2016-04-26 12:00:58.803299,SEND,60565ce1fbda8b134c6d223ea59aa01b
2016-04-26 12:00:58.825921,SEND,fa02e1a0a0c7220d2f43df35b2ac3ae7
2016-04-26 12:00:58.837931,RECV,4c4006ccde9f6b3d8df2d79606f3eb32
2016-04-26 12:00:58.870964,RECV,9e2fd5b11205ca06b1e502aa60fedb41
2016-04-26 12:00:58.876971,RECV,1063c7a2a95d58aa3be83c7dd9206db2
2016-04-26 12:00:58.884377,SEND,c75f433f9ecba43343c5aba3cd8e9cb3
2016-04-26 12:00:58.900999,SEND,2360e8378d4475398db666cecefa90dc
2016-04-26 12:00:58.906910,SEND,83fe23dbae6054e22aad938cc1f33a9b
2016-04-26 12:00:58.914545,RECV,0fe9c43521faead02b158f7e11873f21
2016-04-26 12:00:58.931023,RECV,d3eea96eed712fdbf748f9a11ffc471e
2016-04-26 12:00:58.944041,SEND,802c8b584bed5ff0c07d5957ba080a02
2016-04-26 12:00:58.962059,SEND,105412088089bb5de33ffe3d631a96e6
2016-04-26 12:00:58.968062,RECV,703bf38cb064e137e7296ecbccd812f4
2016-04-26 12:00:58.984081,SEND,8bb7484580a8266bd6c2561ca79f54a9
2016-04-26 12:00:58.989481,RECV,d5c728533c7e9159bef429a1f0e71a65
2016-04-26 12:00:59.005571,RECV,835f3fbd51decf43f415e6cde74745c2
2016-04-26 12:00:59.020117,SEND,513bc4625f4206f79d9ee1004c61e3d9
2016-04-26 12:00:59.022119,SEND,e79297af688ad0ef4ac31d30dde6b02d
2016-04-26 12:00:59.029120,RECV,a1c2be84ecb423b68b344758b110370d
2016-04-26 12:03:32.310794,RECV,bad26421cf61459a4c64421ea1d226b4
2016-04-26 12:03:32.348443,SEND,92efb9c759d7ab642fd8753940d8c27d
2016-04-26 12:03:32.376477,SEND,9294275bdac9b024d927fe60adbd822f
