2016-04-26 12:00:56.441833,RECV,7e0777ec9526de88d11dcdc4c0ffbe52
2016-04-26 12:00:56.477575,SEND,1afc82d21a5ef5540bd1f574e8509277
2016-04-26 12:00:56.513610,RECV,c3266b4fd74f5e8df8f94195f5d1aea4
2016-04-26 12:00:56.523075,SEND,502a08fb79586da9f10855ccff0e74de
2016-04-26 12:00:56.586251,RECV,e52b8cbd43d5d4eeb36f0af1f5a79e5e
2016-04-26 12:00:56.606132,SEND,73776d2a0c5ccd7c5dda90e3ddf4fa42
2016-04-26 12:00:56.631373,RECV,f00b062881632328e5d98a2f82df35ef
2016-04-26 12:00:56.640397,SEND,da6f21807fb32e12f19031934bfb102d
2016-04-26 12:00:56.712612,RECV,c66a8dd3bbd7599be4d713c0997485bc
2016-04-26 12:00:56.720820,SEND,12222a168c0fd66e528a164ae4a0f25f
2016-04-26 12:00:56.783879,RECV,2675f3f34fc959a73187f14f6156f2ca
2016-04-26 12:00:56.811888,SEND,619dfaeadc73d33c754bae4396573aae
2016-04-26 12:00:56.865962,RECV,7e3d64028ecf3407ed3c90ee5c261d7f
2016-04-26 12:00:56.884070,SEND,8e06d3157bbeeb73c17a2338d5bec3d3
2016-04-26 12:00:56.939032,RECV,b3372fb1306ac63dbed0506dc4f673b7
2016-04-26 12:00:56.967076,SEND,d537d0d304bc723f16208074f0a9a3a3
2016-04-26 12:00:57.030133,RECV,a22b3d0e63ef40b69614185889f5dff4
2016-04-26 12:00:57.037560,SEND,f4913cdb002060761c12e37993c7211c
2016-04-26 12:00:57.100194,RECV,7efc6eeb1fbdb011abf44a7d7a863632
2016-04-26 12:00:57.110023,SEND,6959729d7b668e9456ad506538757a44
2016-04-26 12:00:57.165261,RECV,48517d18a54c7bd3f703d4d6c2c4f649
2016-04-26 12:00:57.182275,SEND,bea61505b79da65bf74c98237e3a0b88
2016-04-26 12:00:57.218924,RECV,ff57f81ba5440e9560489a0e64239760
2016-04-26 12:00:57.236328,SEND,b59f4dc25e9adc448bbc4790eb3bc49e
2016-04-26 12:00:57.317416,RECV,79255a4db16f7e3bfbdfdf097bd3d13b
2016-04-26 12:00:57.327251,SEND,cd0aefb6f2378f9d11b42f3cc696d426
2016-04-26 12:00:57.391484,RECV,3e6f7295490aab6374bf8e4a73857dfc
2016-04-26 12:00:57.421533,SEND,f688dccef60f13602072f1e77fce8d3c
2016-04-26 12:00:57.481575,RECV,8b563bf9caaa456689ee7241dbb24529
2016-04-26 12:00:57.508522,SEND,28051e431a3cb2d43c52a8a2e3aebd3c
2016-04-26 12:00:57.571666,RECV,9873237c6161b3a4c8ae4d9267857779
2016-04-26 12:00:57.598698,SEND,f798f0fc9551af041b66d24330aa2faf
2016-04-26 12:00:57.662755,RECV,f8106392d1793c07ea4717efa316c9ae
2016-04-26 12:00:57.691641,SEND,ae7022f5d28fb8f6963598ad7f72ba6e
2016-04-26 12:00:57.736677,RECV,47e3d7d9b98ce249f68b5888038de316
2016-04-26 12:00:57.743110,SEND,5dcf921ab6b7d55754727c1bce23723d
2016-04-26 12:00:57.797890,RECV,4eb04cce2faaac4509c04f8ac68217ed
2016-04-26 12:00:57.805909,SEND,4ed2bb55ab7456517ad0763720608b8c
2016-04-26 12:00:57.886978,RECV,1c041da07cadb936253220ec0a0bddac
2016-04-26 12:00:57.896541,SEND,bfe5a8fe9ab847b0cba747ae68a95c73
2016-04-26 12:00:57.950713,RECV,059cded16b3c008bc76524ca19d4f6ef
2016-04-26 12:00:57.959053,SEND,fbf6ddf22beeaf080bf16ba1390bb720
2016-04-26 12:00:57.996089,RECV,465e5269cd2e93e813e7ef68b957f186
2016-04-26 12:00:58.005097,SEND,3f45844b1a04a2f003e5340253ab1237
2016-04-26 12:00:58.070368,RECV,12af095f9d3f738ba036656f9b19bd29
2016-04-26 12:00:58.076901,SEND,5d2fb5d10205461e3cf33f5910280909
2016-04-26 12:00:58.140237,RECV,32a4bc5f3ebc55c6219f16ce222bb3b4
2016-04-26 12:00:58.187295,SEND,b9d9bf7d3de52b83670b4e61818db26a
2016-04-26 12:00:58.249343,RECV,af193ae11ab6e5e46a4b33e84984cefd
2016-04-26 12:00:58.275373,SEND,4ad88be4556e78823175d86b61330b28
2016-04-26 12:00:58.358451,RECV,0bd57eb9d57429d8d543d86c6dcb6cc4
2016-04-26 12:00:58.366608,SEND,aa86d969a7d897c898b33e8101b93ac2
2016-04-26 12:00:58.447540,RECV,bf1556cc79bedb147a8021bfa65f92e2
2016-04-26 12:00:58.456551,SEND,2c306ca0da06121f114bfdebc89243cb
2016-04-26 12:00:58.501593,RECV,24da367abb0f7218fbc1622a5d8b1559
2016-04-26 12:00:58.529079,SEND,79d256f5ce274ebda98d994b719ef7a9
2016-04-26 12:00:58.591491,RECV,9d49059a4474617d9a0d07fe937718da
2016-04-26 12:00:58.600698,SEND,e693d168925a6d4cf442f096d4628a3a
2016-04-26 12:00:58.636731,RECV,e7d9a714c5a12c1928dedc304e441b12
2016-04-26 12:00:58.645742,SEND,bcd815973c2615b8447631fa4a3433d4
2016-04-26 12:00:58.681773,RECV,fabc3dbbcb8c00e5e840e0bebff74df7
2016-04-26 12:00:58.699803,SEND,7408973bf379317ff4943f624f486167
2016-04-26 12:00:58.745838,RECV,1fc9b661abcf83b5698326c2798db1e2
2016-04-26 12:00:58.772790,SEND,c03a72d71b1409818752ec30948ca553
2016-04-26 12:00:58.835928,RECV,fa02e1a0a0c7220d2f43df35b2ac3ae7
2016-04-26 12:00:58.853983,SEND,9e2fd5b11205ca06b1e502aa60fedb41
2016-04-26 12:00:58.907707,RECV,2360e8378d4475398db666cecefa90dc
2016-04-26 12:00:58.917168,SEND,d3eea96eed712fdbf748f9a11ffc471e
2016-04-26 12:00:58.971066,RECV,105412088089bb5de33ffe3d631a96e6
2016-04-26 12:00:58.980364,SEND,835f3fbd51decf43f415e6cde74745c2
2016-04-26 12:00:59.035126,RECV,e79297af688ad0ef4ac31d30dde6b02d
2016-04-26 12:03:32.308420,SEND,4112d0737c56bd08f666eefaee1cd36e
