2016-04-26 12:00:56.445538,RECV,5f605a192e594826be03d27002c7f502
2016-04-26 12:00:56.454554,SEND,797622140f4e5976d2fc8aec55915bcd
2016-04-26 12:00:56.499597,RECV,f896d23a175b45da08ef85b0ccac7c51
2016-04-26 12:00:56.546652,SEND,8b44505be60ddb7521fee080f5f2cd86
2016-04-26 12:00:56.609716,RECV,e6adfb0fd5f55e096b5f93d4b19d5d38
2016-04-26 12:00:56.619325,SEND,fb25c7455774f252106748caa1b58056
2016-04-26 12:00:56.654757,RECV,730e5ac1af9c714288acbb49e206ff00
2016-04-26 12:00:56.700803,SEND,f0ad581149ee689008a9036cebb85053
2016-04-26 12:00:56.751847,RECV,c685d3c28e5d73f46a1b7684c337599d
2016-04-26 12:00:56.769869,SEND,d5fd68d98bac559ebedc4151f0831233
2016-04-26 12:00:56.796892,RECV,934780f996a365ecd251d21be422dac9
2016-04-26 12:00:56.832931,SEND,7bc6a79630ba491e33f29f561d987f27
2016-04-26 12:00:56.887982,RECV,b82bbbb443c454376b8b62b1f77d76c4
2016-04-26 12:00:56.912424,SEND,98ba77c70dd81775efe4ae60f9b88196
2016-04-26 12:00:56.957467,RECV,a05773d98062239f5199fd1ba08530c0
2016-04-26 12:00:56.975486,SEND,3e7043bb0795d7e328a95d7bc0a8afd4
2016-04-26 12:00:57.065574,RECV,a1dbc2619debd9aa9133b544fdd74ad0
2016-04-26 12:00:57.083974,SEND,afbc7498aa68ecf62d00dc3facdca18d
2016-04-26 12:00:57.119632,RECV,3f1372840fa6f9e5161db3ed46eaee9f
2016-04-26 12:00:57.139669,SEND,df0fb312ae799b3194d8082953521228
2016-04-26 12:00:57.158255,RECV,57ca62de9165abba695230fe6bebbb9b
2016-04-26 12:00:57.167818,SEND,3c7c01abd85799871d2efe3d5a38d8e9
2016-04-26 12:00:57.203301,RECV,09e50e8438ce1db4d5dd19943feab6c4
2016-04-26 12:00:57.227860,SEND,653e9dc3f01f3efbef78e5475bbace17
2016-04-26 12:00:57.254880,RECV,3e6c76df142db7cbac9b113d80fda014
2016-04-26 12:00:57.265055,SEND,4d7ec4425e8de6a4c6d1a8edddc35e55
2016-04-26 12:00:57.313407,RECV,c138c47dc54935fb751e346e6dc7705e
2016-04-26 12:00:57.340719,SEND,1c62da3d815f42c94780f7ce2787a371
2016-04-26 12:00:57.385479,RECV,7323fdc474946075807007ff78427ea6
2016-04-26 12:00:57.394886,SEND,0830c412eeee9c035efa7f35d36644b3
2016-04-26 12:00:57.448542,RECV,2184ba3eb5749eefcd1af5c267644184
2016-04-26 12:00:57.466567,SEND,8cb6912b81ae9d001484b7b34aa223fa
2016-04-26 12:00:57.520613,RECV,5a8d21a94463119bede92b2e7cf3ea48
2016-04-26 12:00:57.543685,SEND,c9b827a15eb40a2ff54a91fdbae86915
2016-04-26 12:00:57.570706,RECV,1636b00239d030080b0a1bf1720cdfda
2016-04-26 12:00:57.592759,SEND,80a7ced1037e5d2c9029c7efb11a1902
2016-04-26 12:00:57.637796,RECV,f39e28f9477023d4fe63ed33b9ffb9b3
2016-04-26 12:00:57.647700,SEND,6ca0c9ccbb21d8f843c2c6ad23f36c4c
2016-04-26 12:00:57.682842,RECV,6fe5b24902c8f0aeb95a701cc2c4507a
2016-04-26 12:00:57.683752,SEND,24a828385f6cb12a42e41a6b6e583f84
2016-04-26 12:00:57.719809,RECV,9c1235d5eb356e33c4c8c3ce7dc79ce4
2016-04-26 12:00:57.737840,SEND,11d2bd8d389d211a111bcad94cf9f92e
2016-04-26 12:00:57.782877,RECV,63c8b2828b303f3cb77813c196467f3f
2016-04-26 12:00:57.812628,SEND,f3423a88f93d4dfe2cab2d10efd6c6cf
2016-04-26 12:00:57.839647,RECV,f0d42659309d5a68a10e4b570ca334ce
2016-04-26 12:00:57.860320,SEND,b760eb668b5b40c21968caef48a520e6
2016-04-26 12:00:57.899990,RECV,8dd143f1175e6d810abf9717f2c4ef14
2016-04-26 12:00:57.947054,SEND,74721c5b03507e4ac66021672bfe7744
2016-04-26 12:00:57.974077,RECV,e980ecf37e20da3841e0d13afd9b421f
2016-04-26 12:00:57.990090,SEND,87fdc6b930114e8e6d81541ac748dc82
2016-04-26 12:00:58.062153,RECV,183131c7f340147302b6ac3436fc5987
2016-04-26 12:00:58.101194,SEND,45a4eaafff0b2015b28a5840b9111413
2016-04-26 12:00:58.146244,RECV,f51a5cebe891137c0d9052dcb4e45f38
2016-04-26 12:00:58.189284,SEND,c17286b55246aad54c3f29f9c153878c
2016-04-26 12:00:58.234327,RECV,27513e3381207deb01d3c2f5db47242c
2016-04-26 12:00:58.270717,SEND,a566c086619cdf21fb3522a60fe249ce
2016-04-26 12:00:58.306400,RECV,9dad11e36e13d7a5d1327b751ea92dba
2016-04-26 12:00:58.324862,SEND,4f438b953ca64ac6d046e8088a97813b
2016-04-26 12:00:58.370462,RECV,448f326a1535e13eb6d40aa9d83f6fb5
2016-04-26 12:00:58.379023,SEND,0fffb4c50a0fb1cd5206719ad563300a
2016-04-26 12:00:58.414509,RECV,26c93c43010018659cc804fe0fee0cbd
2016-04-26 12:00:58.460332,SEND,963feb248ef3c3edac076b3d1c7d182a
2016-04-26 12:00:58.514609,RECV,21491ef340a8115ea45e668a516fd5e7
2016-04-26 12:00:58.541637,SEND,4ba95e03cfdaf3b5de32f29465b98fc2
2016-04-26 12:00:58.577670,RECV,8949e14eede139f5d9e24d64e454e552
2016-04-26 12:00:58.586684,SEND,06581adf9dbb243e63afc0a5b2cf1186
2016-04-26 12:00:58.640733,RECV,d37777355d133b951e1e7821a0fff000
2016-04-26 12:00:58.670255,SEND,3f72c18a09e27df906c68d2fe92c074e
2016-04-26 12:00:58.712806,RECV,026f6deb07d0e7813e329304607b22b2
2016-04-26 12:00:58.730830,SEND,d25e6d927781eac7d3c27a23cb980c36
2016-04-26 12:00:58.775868,RECV,09b168d0ff806e054f8dca85c827f68a
2016-04-26 12:00:58.831092,SEND,2019e8acdd50ae0ba56d7e7c74aaf52f
2016-04-26 12:00:58.867124,RECV,bf49cbdb7c1eb019b7e1515fd2873be9
2016-04-26 12:00:58.894158,SEND,8b9f625f0c0756fc4fd3b7fd6f268f8f
2016-04-26 12:00:58.922179,RECV,878808c16d9950ae23a0328d29ea2e38
2016-04-26 12:00:58.943204,SEND,5327b38dc3165bea374a5b953810b9bb
2016-04-26 12:00:58.988244,RECV,9cee60e38d53b4daac48fea130398d8c
2016-04-26 12:00:59.008266,SEND,2baa4c6996d10bc004cfde3c18926b6c
