2016-04-26 12:00:56.480577,RECV,fffd638cdc9376e0e8e9cd9f309f320c
2016-04-26 12:00:56.497866,SEND,869cf646ce18e7b03c6db303bb665cc2
2016-04-26 12:00:56.579675,RECV,b3152ea2a843aec53a81044cf123fc05
2016-04-26 12:00:56.597479,SEND,eb0e02cdb2c6894b22b35d1ef5cbddce
2016-04-26 12:00:56.642738,RECV,683ba5bfa6820aeb81c950aa84650273
2016-04-26 12:00:56.651747,SEND,e832e09f55bf24237aabc8f19a03f093
2016-04-26 12:00:56.687780,RECV,7d11d4af4c7c65bd49584979006ee3fa
2016-04-26 12:00:56.698799,SEND,94667bd796bc9935812a03ece5a89f6f
2016-04-26 12:00:56.744838,RECV,43d7aef9f97110c33e1e89ff4a62d0c6
2016-04-26 12:00:56.751851,SEND,bb0459c74b745979720513b053ab829e
2016-04-26 12:00:56.796891,RECV,ca888449f4bee917bbee0515d1636699
2016-04-26 12:00:56.808427,SEND,61b636523baafa934461e450b3580609
2016-04-26 12:00:56.835931,RECV,cdf8f4ea5b3b796b55a3d2bb48a4eba6
2016-04-26 12:00:56.859981,SEND,6516bdc84625e7d74560b2c3091d8a2a
2016-04-26 12:00:56.926022,RECV,73b3c03ca1d9e07c69ced6e8f8e92081
2016-04-26 12:00:56.941178,SEND,43aa6dc35a8cb8fdea2f6a9ec1cb0dd2
2016-04-26 12:00:57.016112,RECV,2c5f78f3d930cee09e757e1695d30c39
2016-04-26 12:00:57.032128,SEND,fd25e50dfdff1613138ff391eb2d752a
2016-04-26 12:00:57.095189,RECV,57c1b3dd4078836d3152b11f5682689f
2016-04-26 12:00:57.106199,SEND,e7c0ebfd7ed5b7a95a854a3702d35bde
2016-04-26 12:00:57.151244,RECV,a7718293c8ba2ddde2f8b44899ccbeca
2016-04-26 12:00:57.178277,SEND,10e3044e80cb1bac9117cc3c1348cddc
2016-04-26 12:00:57.230327,RECV,0e0404f56d65f5c0d4fe5ab37b719244
2016-04-26 12:00:57.241336,SEND,06cac01d272ba404b39d9b44ede6364f
2016-04-26 12:00:57.302396,RECV,40ef426d9e62adc9f39139f091358017
2016-04-26 12:00:57.311408,SEND,0c0a48696fd8a49087e522c6a1f11615
2016-04-26 12:00:57.366462,RECV,52294046a345365c576a8ae0b9c612ad
2016-04-26 12:00:57.378476,SEND,51c67c9e736b20d475d9ac7609eabeb2
2016-04-26 12:00:57.406057,RECV,d6a31fb6100ae6ffd573f139f3cf08f7
2016-04-26 12:00:57.421519,SEND,f5b88a55447c14d952ef6b01042708b8
2016-04-26 12:00:57.485579,RECV,b4c47e8e7732e561b8aae7b28f255e55
2016-04-26 12:00:57.502697,SEND,fdcd2f1fb4210272653375507c4e1af9
2016-04-26 12:00:57.548335,RECV,44ad0d216f403df259ba41895d8a24b5
2016-04-26 12:00:57.557655,SEND,ac78b79e7c084d47de3e61d4901a1dd8
2016-04-26 12:00:57.611708,RECV,aef8ba9db0f940dc99bf7e2eede999b7
2016-04-26 12:00:57.620720,SEND,59bcfc69fea2ce5784b6c980f68b4e10
2016-04-26 12:00:57.656073,RECV,b01b1c4f59add0ef6a19edcd8152ddbf
2016-04-26 12:00:57.674123,SEND,852e806cf84f9519bb9a48e35fd353ac
2016-04-26 12:00:57.710806,RECV,9e87c045731c370c92777a0704165246
2016-04-26 12:00:57.719815,SEND,4179d4cde4399fa4e193f00be26adec0
2016-04-26 12:00:57.783878,RECV,9eaccf583848a4485b98622695fc2a49
2016-04-26 12:00:57.801900,SEND,572183686fc738852cc98087312df317
2016-04-26 12:00:57.891688,RECV,b1649515366bb796f96be1d02bc0b839
2016-04-26 12:00:57.902995,SEND,bfa7fb9fbb8d7bea5ddf2883c4a7fab8
2016-04-26 12:00:57.948040,RECV,2b3ee06b90141fad303802b1b390522e
2016-04-26 12:00:57.955053,SEND,4bfff194a7bfbab226b5e49adda4e3dd
2016-04-26 12:00:58.018101,RECV,f0cfeef2eaca74177d81a7b994fb2f32
2016-04-26 12:00:58.054174,SEND,20266f8ef9367e21ae2568bd69f4f4d9
2016-04-26 12:00:58.084177,RECV,5a0f1f5f68606cd2813e330260cf1d98
2016-04-26 12:00:58.101964,SEND,ab55d12464c48417be11143d0d939605
2016-04-26 12:00:58.136230,RECV,4856fdbf913c84b2a35a358b94c43b46
2016-04-26 12:00:58.153391,SEND,8dee049c24339ff6aac7d46ad5f83061
2016-04-26 12:00:58.208122,RECV,39e1a5e2a57f1ff669670836523d3801
2016-04-26 12:00:58.226324,SEND,23205cc6cb4af58456bd71e1c3fc8c95
2016-04-26 12:00:58.289055,RECV,f02f2f29fd9bff7644a6037ebe1b4dcc
2016-04-26 12:00:58.300399,SEND,3091c974d81de7979b8bba9c61bc36c0
2016-04-26 12:00:58.343440,RECV,b10c1f86e5b144b5272bfb38450c7464
2016-04-26 12:00:58.352452,SEND,362701a8ad3cbe7436476effbbc25d11
2016-04-26 12:00:58.406501,RECV,1b37b8ae073d4794f406f2f4469f2419
2016-04-26 12:00:58.417912,SEND,b659435db082eab68140188a92a7cd06
2016-04-26 12:00:58.506600,RECV,39821b65a3155462d2ee736c2a1cfa11
2016-04-26 12:00:58.535629,SEND,392aef3ebf7935c95113b9094662d419
2016-04-26 12:00:58.572691,RECV,3c30bd411689a147f0e2c5a49c139e3b
2016-04-26 12:00:58.583698,SEND,b9d9bc5141a139e64ea236d76dd36bd6
2016-04-26 12:00:58.640075,RECV,572d2fe4f5e8d0d513f5e1b7bf53fdbe
2016-04-26 12:00:58.651094,SEND,bd3954c12b8c9676f929fb2f9582cbe3
2016-04-26 12:00:58.711850,RECV,ebbbcc59dd652bd9c95e48dba660d09a
2016-04-26 12:00:58.721162,SEND,5d9d2d925c15d95f5ec38e2016720987
2016-04-26 12:00:58.775210,RECV,9f2677ba57d5b962aad595594da2c272
2016-04-26 12:00:58.801989,SEND,ea50747476c4dd767a2b40d58ac9b457
2016-04-26 12:00:58.832926,RECV,15c57ade75d715381162424ff835077a
2016-04-26 12:00:58.851735,SEND,c82d01fd93ee4ff451a6d3095b289c43
2016-04-26 12:00:58.884977,RECV,25ce6b0a0a1d21b16c2b54a7c4ab8235
2016-04-26 12:00:58.902937,SEND,1bf06288e82de190b6e712b4db34eaeb
2016-04-26 12:00:58.966107,RECV,1f038c3edda5f318897f77717b53c3ea
2016-04-26 12:00:58.984155,SEND,ade59c342d5dc419640b7a65d56b0d99
2016-04-26 12:00:59.021115,RECV,f8c08c69087ea573fc6e19a671c747e6
2016-04-26 12:00:59.030127,SEND,57915471a596b2099060008f6d7c8a7d
