2016-04-26 12:00:56.351455,SEND,6a7ad2b83d4f656475b20ba7e5870b2c
2016-04-26 12:00:56.362436,SEND,c4d2c4725a588e8918cb46f08f662957
2016-04-26 12:00:56.407502,RECV,7a72c49351a9f4f3211ea2d7a1c99aa8
2016-04-26 12:00:56.423036,SEND,d4fe7fc7b0f5c0cf31f1346528b142ad
2016-04-26 12:00:56.439536,RECV,3a1255c13b42b5750c0d67956db80a7e
2016-04-26 12:00:56.455550,SEND,8a67ed35363a8d1368c0e7735d54364a
2016-04-26 12:00:56.482578,RECV,017265c973ead8f8b1b0e392de3a4641
2016-04-26 12:00:56.498252,SEND,258860204436428badf82a4d1919e874
2016-04-26 12:00:56.506600,RECV,e9922241024c561c0a3793972790d868
2016-04-26 12:00:56.514611,RECV,3c740f0027d93813f3d1a9e0614be7f1
2016-04-26 12:00:56.523331,SEND,f72f1e0b32d913b6838c3569fac3b01d
2016-04-26 12:00:56.542636,RECV,eb5e3c0c2e8194dcdb7de3ab08471e34
2016-04-26 12:00:56.558443,SEND,5c77d3510ba9ebc9c0aa6a4537fee618
2016-04-26 12:00:56.559654,SEND,57f0009ed4ed25a3859289e99c6d7f83
2016-04-26 12:00:56.566662,RECV,498c442e753083d22214ec4345be7758
2016-04-26 12:00:56.596698,SEND,cc53e426d7e7894a5458120eec56ebcb
2016-04-26 12:00:56.602696,RECV,c024558a02d35af9fd2a6cb59ac63926
2016-04-26 12:00:56.626724,RECV,2a8e96afe10de89023127f792331483a
2016-04-26 12:00:56.632728,SEND,ae5be47e9152b714c21fc6dd2bc062a9
2016-04-26 12:00:56.649745,RECV,6aea72df1ccb34838ac6f2e126786e72
2016-04-26 12:00:56.656730,SEND,1801da7bf0ce087f4c06737bc67130e5
2016-04-26 12:00:56.662758,RECV,2685a93b82cb834b6f215b4af5342bdb
2016-04-26 12:00:56.678776,SEND,a9345197447713bfecd97ba8ad601373
2016-04-26 12:00:56.699800,SEND,00a8b411f61da0138603c19bfe3bf146
2016-04-26 12:00:56.702797,RECV,4fd100dee3a1ac77ade8ca9a1006a8e2
2016-04-26 12:00:56.723819,RECV,e3d92ad3e25942f49a83e0a4d072e564
2016-04-26 12:00:56.731912,SEND,a04597dec494b49f9eed2326b35eb8ff
2016-04-26 12:00:56.755850,RECV,181508643650803f243b9c40d33879c5
2016-04-26 12:00:56.768866,SEND,5a1af1bf72d4c2d43e9910ddbbb935eb
2016-04-26 12:00:56.770868,SEND,4c51bf827f7eb01e8a5fc151a3d81b14
2016-04-26 12:00:56.777570,RECV,6cf1cab40bd30f7e27108204dd67693c
2016-04-26 12:00:56.792893,SEND,493211ad619c18a1f8ae245a5fe04825
2016-04-26 12:00:56.813906,RECV,2f80cf5c11feaf326aaa7fb151b8bd4b
2016-04-26 12:00:56.822919,RECV,e585fad2975073907a2ba497a8e75c2a
2016-04-26 12:00:56.830924,RECV,bec3050dc28234ea9d36d7f335f3c14f
2016-04-26 12:00:56.837934,SEND,1d55b039dee71fedab1114cf9a6d63f9
2016-04-26 12:00:56.861950,SEND,16d692783078fc0e48e2bc70ed2ade23
2016-04-26 12:00:56.862973,SEND,f487cbf74d73f5cf5485eed7ca1e395a
2016-04-26 12:00:56.884981,RECV,0ee7e7f47ac13fb2de48ec6d7c69e150
2016-04-26 12:00:56.901518,SEND,4a1db2517023efd45aae3216c03e794c
2016-04-26 12:00:56.906711,RECV,d30c8de91169afb36dbe90a280de1538
2016-04-26 12:00:56.908598,RECV,4082f06d86576fbc10fd7173f3c60101
2016-04-26 12:00:56.921122,SEND,cb32e4bfba0168f4faac258c9ffa6eb4
2016-04-26 12:00:56.923127,SEND,54ffdf46449f1cf3a6a2adffafd15737
2016-04-26 12:00:56.945041,RECV,5f492af1ff388c0dbe80055828898ed2
2016-04-26 12:00:56.954048,RECV,d26956b11134aad7b5f1b27620dc72c5
2016-04-26 12:00:56.961636,SEND,9b8de8a1c9193e97bec176b486a92f41
2016-04-26 12:00:56.981074,RECV,f5e0a3f76d7a7a84f6b13d8bd1442fff
2016-04-26 12:00:56.997092,SEND,37edf7fe991b025b22da519750858f9c
2016-04-26 12:00:56.997659,SEND,b5ae0791cc547553f16c14bdff7ffd69
2016-04-26 12:00:57.007281,RECV,a4a5ae3ac4e33a9c2ccde9e6d8cf0297
2016-04-26 12:00:57.020118,SEND,d317d49fa31cbb047bfec5e4e4f527b8
2016-04-26 12:00:57.041173,RECV,ac40d4f8c33057e45d7fc7aa24509fe9
2016-04-26 12:00:57.059153,RECV,d4408debfff11c20523d1eb613682779
2016-04-26 12:00:57.073517,SEND,028627f0c9c037e23bab693a251baac5
2016-04-26 12:00:57.087181,SEND,feecbdc18f826b50a85484eca682be3c
2016-04-26 12:00:57.094572,RECV,537edcb6815811fbf365c37876d7445b
2016-04-26 12:00:57.110208,SEND,4cedb69fda9028dce889aa44a352d82e
2016-04-26 12:00:57.118215,RECV,3fff0e01158a67bb83b67d21c4f03b8f
2016-04-26 12:00:57.131226,RECV,1ebde9ea9d82c219c5463f414281a1c8
2016-04-26 12:00:57.148243,SEND,3b1d5c2fdd5d0dec18ec1f170735bd3f
2016-04-26 12:00:57.155252,RECV,bff075622ab4823cc0127358ac67a0bb
2016-04-26 12:00:57.176776,SEND,f233326472dd27729f4ea2497e0c349d
2016-04-26 12:00:57.185281,SEND,534651d4a99aa227625416345564163e
2016-04-26 12:00:57.208303,RECV,4df444a2f544629c942d5fa37b99533a
2016-04-26 12:00:57.223318,SEND,d099697b1cc062ef8151b22b56434210
2016-04-26 12:00:57.230325,RECV,6eaf0c4952de9ca239c033e304dc2bba
2016-04-26 12:00:57.236330,RECV,ec25198e6488721cd74f691a300f7080
2016-04-26 12:00:57.245342,SEND,f10cacf5dcad4701eaca96f4e1ceeadd
2016-04-26 12:00:57.267033,SEND,db35daa1e2aa48470c50cd4907497932
2016-04-26 12:00:57.275372,RECV,6b4643badae1ccc2942ce5c233dae4fb
2016-04-26 12:00:57.283379,RECV,12ade5a1b3a2e8472392cd5352547788
2016-04-26 12:00:57.299125,SEND,709ea7b163e40faab5b6f2e8689d365c
2016-04-26 12:00:57.311403,RECV,0373f9839fd6210ea828ee76b181cd65
2016-04-26 12:00:57.320189,SEND,a7deda5a0452f4e8919609cfd22bf8ca
2016-04-26 12:00:57.327197,SEND,e5773fa3fdca1bc72f7bd0450113a770
2016-04-26 12:00:57.343438,RECV,b6a8ee22a8748e8002bc853f244a3e1d
2016-04-26 12:00:57.350442,RECV,8095670cadeb4441fda28bb92f4b5016
2016-04-26 12:00:57.365465,SEND,6a2f3681838901f794340087f8d673cb
2016-04-26 12:00:57.371467,RECV,8b5ddb2ac5d68fc87d43d87e5f0a9244
2016-04-26 12:00:57.374180,SEND,0804c23e44b1c4ffc5325fe168d3b5cb
2016-04-26 12:00:57.401981,SEND,7f10dd4441b76b518d2be7247b3e188b
2016-04-26 12:00:57.410505,RECV,c6fdf9c8edf0d50b748e2ed99ebc90a9
2016-04-26 12:00:57.418511,RECV,14a60f531f5531d1893f820c1af7ce14
2016-04-26 12:00:57.434497,SEND,2127745def6ea4d420dc292bc56b88de
2016-04-26 12:00:57.440521,SEND,0190f17f51046ce4d9b9864bc2e3ce98
2016-04-26 12:00:57.471563,RECV,d6ed58543c8a6287387310a7fa1d6007
2016-04-26 12:00:57.477570,RECV,bf8afee696d33688b9924613c6ce5316
2016-04-26 12:00:57.479599,RECV,79609835db614406d31d64eff682d5e7
2016-04-26 12:00:57.487629,SEND,4ab56f974e845e76d20d186d8e97e822
2016-04-26 12:00:57.507672,SEND,5a798590d7a292c5448793d632958370
2016-04-26 12:00:57.514572,SEND,d0cdbb4c52681c44f8ce7d18e0422d51
2016-04-26 12:00:57.534150,RECV,2266cf50247578bc7d8e3989b4be99fe
2016-04-26 12:00:57.553646,RECV,468121319df553dac2aa283080a1eaba
2016-04-26 12:00:57.561379,SEND,8e713bba1ac723d479c693397e86249f
2016-04-26 12:00:57.568661,SEND,abe2bb831a8e54cd66c391a3afc646fc
2016-04-26 12:00:57.569663,RECV,277c9d17ec48c1df575a4bdcb740a2bb
2016-04-26 12:00:57.594469,RECV,9a376b45074de9a5536b478bc547251b
2016-04-26 12:00:57.600487,SEND,c615e1628937cb6bfd334a5bc0a8e963
2016-04-26 12:00:57.615357,RECV,feb7a24fa5ecde16adc46d096718323f
2016-04-26 12:00:57.623562,SEND,6f95b33fb6cbf9602bf649d56ff440fc
2016-04-26 12:00:57.643737,SEND,2ef3e5d19f02f3d83e29161a26a2aafa
2016-04-26 12:00:57.667763,RECV,30dd29c0b559bddb6a3d1978f9b191c5
2016-04-26 12:00:57.676771,RECV,e2c7f9f74f65284007ea8adb161e8165
2016-04-26 12:00:57.690978,SEND,e6c5c78c9d15f739b12f058c812348ec
2016-04-26 12:00:57.697009,SEND,a10bdeb10f43a53945e53dc67b65d39d
2016-04-26 12:00:57.703796,RECV,752ee3de5a20fc868647e244c9a21e4e
2016-04-26 12:00:57.719515,SEND,c1c9773ed47819642e9ec9f5e7ea1434
2016-04-26 12:00:57.735830,RECV,90e8563980c300e3bc3208123a60ae8a
2016-04-26 12:00:57.744841,RECV,1e147c35381cc9d9ea3568b709a48dff
2016-04-26 12:00:57.751150,SEND,51243a4402e5f81437bd7343ad582044
2016-04-26 12:00:57.775013,SEND,7580a1580f53263c8ec83844b9800af2
2016-04-26 12:00:57.794887,RECV,f5ecd58734171d43a57ca76998b2b4c6
2016-04-26 12:00:57.795891,RECV,202fcc28c9b25628e2756ce8d08c7184
2016-04-26 12:00:57.824326,SEND,3412ada77e3af8622613a0eea4629069
2016-04-26 12:00:57.826333,SEND,cef768b5ce86e63e757d06e73eea78fb
2016-04-26 12:00:57.832349,RECV,7dba3889d18fca9ea0d1c61e582a5609
2016-04-26 12:00:57.849949,SEND,343eba0032a0e160b6e1f7470ae73e48
2016-04-26 12:00:57.868964,RECV,7663dfb070054d141b8b0a10c1314663
2016-04-26 12:00:57.871550,RECV,4b9439df1ca257737a93a3e6c8a917fb
2016-04-26 12:00:57.884581,SEND,3380eeefac71e84b639f56d43b44187b
2016-04-26 12:00:57.892987,RECV,4883583eadc2c81606fa3859545e293a
2016-04-26 12:00:57.901000,SEND,32dc9be5efd4894bfb28b45f6a53305f
2016-04-26 12:00:57.922713,SEND,de1b24c02f8114b897a49420f004c720
2016-04-26 12:00:57.929024,RECV,25f4266823909cfb1d771cc7ab9d00e9
2016-04-26 12:00:57.944770,SEND,fd5e39420500224e13021c43bf629962
2016-04-26 12:00:57.946041,RECV,36c1e34ac3c91f92bc1fa66f14812e03
2016-04-26 12:00:57.961057,SEND,269735933467bbad0622bf550eed25d5
2016-04-26 12:00:57.967835,RECV,bb38fb911152f021e08b5c7c5092e38e
2016-04-26 12:00:57.983081,SEND,2add1ab109fe27046c3598bba375c7a5
2016-04-26 12:00:58.004099,RECV,00eb02a00d539781900e3c1857d6f1c6
2016-04-26 12:00:58.019973,SEND,19e2287eb1c3f700217bc115009d3d62
2016-04-26 12:00:58.028680,RECV,1932a5753326f95b3b130d91388e637f
2016-04-26 12:00:58.047795,SEND,e7b138f91d1a3f9fec0617797eae1f38
2016-04-26 12:00:58.051143,RECV,956d62a1ead5a5479add27e838535168
2016-04-26 12:00:58.066156,RECV,df332610f4538b4d7774bc6386b93151
2016-04-26 12:00:58.075196,RECV,a7d431730cce49c007c1e019eec860ae
2016-04-26 12:00:58.095011,SEND,8760e2633fdcf2485a908143c6624444
2016-04-26 12:00:58.111204,SEND,aa6b133d4eb33009ba02e2288cfcb9fc
2016-04-26 12:00:58.127220,RECV,7386eaadd11e162e92d293ea24151fb9
2016-04-26 12:00:58.134234,SEND,898b644a725d9b90e37acfb88167a35c
2016-04-26 12:00:58.142941,SEND,395d993aa6448bc3a194511a152ab7e4
2016-04-26 12:00:58.158210,RECV,5d02dc6f3505df7bda598e1806df356d
2016-04-26 12:00:58.179275,RECV,dd0b2604bdf50a48075f8c71adc7a7fc
2016-04-26 12:00:58.185285,SEND,b8583289c2b90751c00d7eec2b73e377
2016-04-26 12:00:58.194289,SEND,f4bd63a61f97584f9801f5b83c570fa6
2016-04-26 12:00:58.232323,RECV,24734959bc63fcbe8becc14240f42ff5
2016-04-26 12:00:58.239333,RECV,b0b9e460e3fe034bfdbf1e3f56b6b4f7
2016-04-26 12:00:58.245047,RECV,4003bcaac628bbd0afe8c915c298674d
2016-04-26 12:00:58.260676,SEND,8acae27ec88b22fe4173bd06dfb6c10e
2016-04-26 12:00:58.262681,SEND,411b89def2f715a9bb98118ad5fb0ce4
2016-04-26 12:00:58.271369,SEND,c2b9ef9d4a65e23cb3ab327ad4e87c3a
2016-04-26 12:00:58.307403,RECV,32c2420b7ee5dd007ebcbbd3e0ee6298
2016-04-26 12:00:58.315826,RECV,a8fd936c9c0c9469947de4efee501267
2016-04-26 12:00:58.335430,RECV,4255adcec54deec7e48f4f57cf38cdd8
2016-04-26 12:00:58.351444,SEND,ecb3b0afefcdf64f75612463645f312c
2016-04-26 12:00:58.352933,SEND,64f40f020fdf4d916bbca2f1d415279e
2016-04-26 12:00:58.373991,SEND,3b5c5e9a155ceb67295988b9f59fc5b0
2016-04-26 12:00:58.410503,RECV,83229166087fbffd6bb35350c65beddc
2016-04-26 12:00:58.413085,RECV,5e06857542eddedd8415bf33172626f6
2016-04-26 12:00:58.421110,RECV,d94049fbb81bb758bf926b2105447c8b
2016-04-26 12:00:58.426124,SEND,7f8de0da3582cdb0bd8eab25be52e62b
2016-04-26 12:00:58.443536,SEND,993a11d5c866f195c02cc3d62a567680
2016-04-26 12:00:58.464247,SEND,bfd311cac78292cd21ffbd83abc65228
2016-04-26 12:00:58.470274,RECV,c101f787acc1795e651833158545d861
2016-04-26 12:00:58.486578,SEND,cb3c92410b211b0984061307ad995ec5
2016-04-26 12:00:58.489959,RECV,1623214bd4f20f838e2836a477e71d4d
2016-04-26 12:00:58.505715,SEND,592034d61ea54c649b26b1a596097796
2016-04-26 12:00:58.526628,RECV,95ed8c0760b0d4b08b0929bfe5e2cd3a
2016-04-26 12:00:58.547949,RECV,528df91570e06e4d997e85c0b605698e
2016-04-26 12:00:58.550841,RECV,b98db3b8dedc4b4b28c569706b8cf19a
2016-04-26 12:00:58.554489,SEND,7bce8644bd327577a85e66dcbfcf66d9
2016-04-26 12:00:58.581334,SEND,68d1176ac5eba1dc8b7e780086fa454d
2016-04-26 12:00:58.585461,RECV,4241d3f6d7b11f46a3981538a5609796
2016-04-26 12:00:58.608928,SEND,a3c1a0d40620d6a42e05f58706973d3c
2016-04-26 12:00:58.614723,SEND,2674451da24dee8b2a9d5da5d6805ac5
2016-04-26 12:00:58.637732,RECV,c5f021ed09d8e9e69810e2db2e661845
2016-04-26 12:00:58.644737,RECV,527356cb732f7be776b1c45a9958da39
2016-04-26 12:00:58.651692,RECV,3bf6579dd05119884c8e7bfe82d1aaa2
2016-04-26 12:00:58.662761,SEND,80b574f6167283782e791e55053cdcdc
2016-04-26 12:00:58.668764,SEND,fce8bccae38b0219f7a3e5ad9076b46b
2016-04-26 12:00:58.681776,SEND,388a23de1c497213d5d3e1de4dce1150
2016-04-26 12:00:58.714807,RECV,cf3bbd146c923b1d7f9ea8632c70fd43
2016-04-26 12:00:58.721814,RECV,c93b49939bf47315bb9779023b9f5641
2016-04-26 12:00:58.727820,RECV,0fdaa4f962651b3e648fb7477278f300
2016-04-26 12:00:58.737888,SEND,6ac6338e8d704f9d5567ce6077faeec7
2016-04-26 12:00:58.744841,SEND,2d90400ed32b22f1c7465cae765c2884
2016-04-26 12:00:58.772473,SEND,a9ab145425f191a15584ef2772586390
2016-04-26 12:00:58.781480,RECV,a4899cc6bbb925c05de5f6ec03a95f12
2016-04-26 12:00:58.798892,SEND,79a13fd574a22bd042c54f415a1a758d
2016-04-26 12:00:58.804899,RECV,692a2f5da267f23d919a7e24e4be1e77
2016-04-26 12:00:58.835086,SEND,6599adecf0b04811755d9336603a02ce
2016-04-26 12:00:58.841934,RECV,22daa341b497a86a570b5f96690408f5
2016-04-26 12:00:58.847941,RECV,cf4d99752070960d5dfbf5ab19f14f7b
2016-04-26 12:00:58.863165,SEND,6691e16a28bcf23982ff1028441c1aae
2016-04-26 12:00:58.871878,SEND,390a7e3f903876ed68d1a04753e56cf5
2016-04-26 12:00:58.879974,RECV,2531ee8648a21806d4c85533a17db9c3
2016-04-26 12:00:58.907710,RECV,17f282689c1f3685f88bc0fd08aab00c
2016-04-26 12:00:58.917010,RECV,d1465284fa808dc19a273ab34f03101c
2016-04-26 12:00:58.926629,SEND,b312982c2356512f803165fd58b38b80
2016-04-26 12:00:58.932031,SEND,0983ead422e15716ff41659d58e3e02e
2016-04-26 12:00:58.953377,SEND,e123e160efb84931980bf35a2a2e3f0d
2016-04-26 12:00:58.970063,RECV,2bfdd7eb191c24b8ab8fbff40d58c6fa
2016-04-26 12:00:58.977069,RECV,0f9c037b053d6dd86a9c9d252344ca5d
2016-04-26 12:00:59.000500,SEND,4fb1b7b8cf47baebea7048b4d9a4e275
2016-04-26 12:00:59.006528,SEND,2c0b47df2adc1416024bf4ab1171b3cf
2016-04-26 12:00:59.013107,RECV,1f9723f4c19ec44661d5cc0739688467
2016-04-26 12:00:59.029119,SEND,59db8227a2c56ff7cfd742963ac3c23c
2016-04-26 12:00:59.045138,RECV,49738d8b928100193369141d207ef08e
2016-04-26 12:03:32.311092,RECV,b591516ab893267b9d76220db3993ac9
2016-04-26 12:03:32.320436,SEND,4440f345fc38f02da5f8cf0e00a226ce
