2016-04-26 12:00:56.394191,SEND,3e01c9dc9d20ed8ed5f7fabc199e14f2
2016-04-26 12:00:56.485583,RECV,556948dc8cd9d54b67572842ff930618
2016-04-26 12:00:56.497482,SEND,e9922241024c561c0a3793972790d868
2016-04-26 12:00:56.515300,SEND,b788b2b1f6e6467446392ab5db23ec26
2016-04-26 12:00:56.536630,RECV,f72f1e0b32d913b6838c3569fac3b01d
2016-04-26 12:00:56.549635,SEND,498c442e753083d22214ec4345be7758
2016-04-26 12:00:56.564659,RECV,1b9d94cd851679d2360d2c405e417f0d
2016-04-26 12:00:56.580680,SEND,3c64c6476b4fda3e5faa297d7b7139ba
2016-04-26 12:00:56.601698,RECV,cc53e426d7e7894a5458120eec56ebcb
2016-04-26 12:00:56.614983,SEND,2a8e96afe10de89023127f792331483a
2016-04-26 12:00:56.667761,RECV,1801da7bf0ce087f4c06737bc67130e5
2016-04-26 12:00:56.692788,SEND,4fd100dee3a1ac77ade8ca9a1006a8e2
2016-04-26 12:00:56.707803,RECV,bf04fc6287d3848c5b6fc78360893313
2016-04-26 12:00:56.720819,SEND,0c9507a42e990599a9ce7c3adb843cda
2016-04-26 12:00:56.744839,RECV,a04597dec494b49f9eed2326b35eb8ff
2016-04-26 12:00:56.749350,RECV,773685f7b880025aa6e08b3ed7d35472
2016-04-26 12:00:56.771409,SEND,6cf1cab40bd30f7e27108204dd67693c
2016-04-26 12:00:56.785885,SEND,a6d4652ff0053b8e341eddd09932cce2
2016-04-26 12:00:56.797496,RECV,493211ad619c18a1f8ae245a5fe04825
2016-04-26 12:00:56.810525,SEND,e585fad2975073907a2ba497a8e75c2a
2016-04-26 12:00:56.837932,RECV,41296104776f0a401f45d664f539efb2
2016-04-26 12:00:56.848944,RECV,1d55b039dee71fedab1114cf9a6d63f9
2016-04-26 12:00:56.853886,SEND,ed23e398382e00f4efdfc1f6e9cfe222
2016-04-26 12:00:56.875944,SEND,0ee7e7f47ac13fb2de48ec6d7c69e150
2016-04-26 12:00:56.903998,RECV,58bc88c382392e2472241f30eea74f6a
2016-04-26 12:00:56.915008,RECV,4a1db2517023efd45aae3216c03e794c
2016-04-26 12:00:56.919718,SEND,569a0034cccb91b61d4766fd424abb65
2016-04-26 12:00:56.928026,SEND,5f492af1ff388c0dbe80055828898ed2
2016-04-26 12:00:56.967062,RECV,9b8de8a1c9193e97bec176b486a92f41
2016-04-26 12:00:56.971209,RECV,20a45ed839a565ae7e9c516d812d77fd
2016-04-26 12:00:56.993254,SEND,a4a5ae3ac4e33a9c2ccde9e6d8cf0297
2016-04-26 12:00:57.008105,SEND,c8006b905e05bc42775d24ee1e1a62b5
2016-04-26 12:00:57.032127,RECV,d317d49fa31cbb047bfec5e4e4f527b8
2016-04-26 12:00:57.071173,SEND,537edcb6815811fbf365c37876d7445b
2016-04-26 12:00:57.073168,RECV,77547b38966829de42c7d1e276bfa317
2016-04-26 12:00:57.098506,SEND,4e6e1684790aeda747a359f5f2c94517
2016-04-26 12:00:57.124219,RECV,4cedb69fda9028dce889aa44a352d82e
2016-04-26 12:00:57.128221,RECV,5085f3efda91334f1e130b5da927a272
2016-04-26 12:00:57.149665,SEND,bff075622ab4823cc0127358ac67a0bb
2016-04-26 12:00:57.167260,SEND,3fdd2b2d0436d437c4004dc8d1440ae0
2016-04-26 12:00:57.201295,RECV,534651d4a99aa227625416345564163e
2016-04-26 12:00:57.206276,RECV,9bd33f8bb144306748575cd6b13f7598
2016-04-26 12:00:57.215083,SEND,6eaf0c4952de9ca239c033e304dc2bba
2016-04-26 12:00:57.229326,SEND,d1d65e342238839f79d75a3e14902134
2016-04-26 12:00:57.253347,RECV,f10cacf5dcad4701eaca96f4e1ceeadd
2016-04-26 12:00:57.266364,SEND,6b4643badae1ccc2942ce5c233dae4fb
2016-04-26 12:00:57.271364,RECV,08ffd4d3ff7937aa3f1bf0046c46c405
2016-04-26 12:00:57.296402,SEND,66790f4929e029ffdc6dbf21ad63246b
2016-04-26 12:00:57.333426,RECV,a7deda5a0452f4e8919609cfd22bf8ca
2016-04-26 12:00:57.337431,RECV,e53d26212680b8a0fa2664f33d67b7e3
2016-04-26 12:00:57.345464,SEND,8095670cadeb4441fda28bb92f4b5016
2016-04-26 12:00:57.371465,RECV,6a2f3681838901f794340087f8d673cb
2016-04-26 12:00:57.386014,SEND,ba88e44c1104a8b9de650502d3305255
2016-04-26 12:00:57.397580,SEND,c6fdf9c8edf0d50b748e2ed99ebc90a9
2016-04-26 12:00:57.450545,RECV,0190f17f51046ce4d9b9864bc2e3ce98
2016-04-26 12:00:57.464560,SEND,d6ed58543c8a6287387310a7fa1d6007
2016-04-26 12:00:57.490665,RECV,89fb568182ea1787419c00bcbc64f847
2016-04-26 12:00:57.506596,RECV,4ab56f974e845e76d20d186d8e97e822
2016-04-26 12:00:57.518732,SEND,2266cf50247578bc7d8e3989b4be99fe
2016-04-26 12:00:57.516743,SEND,e45696817c48c16e63a06184ad9cbcc7
2016-04-26 12:00:57.567667,RECV,8e713bba1ac723d479c693397e86249f
2016-04-26 12:00:57.569666,RECV,fbc87119cf52cbccbe18c3f163cbcdf0
2016-04-26 12:00:57.581058,SEND,9a376b45074de9a5536b478bc547251b
2016-04-26 12:00:57.585684,SEND,8e619b5afee566487280e44241616356
2016-04-26 12:00:57.621717,RECV,c09bbdee573089195f3d5cddfcadbc80
2016-04-26 12:00:57.634728,RECV,6f95b33fb6cbf9602bf649d56ff440fc
2016-04-26 12:00:57.637736,SEND,b6c4968246167d947871c5cd639f4189
2016-04-26 12:00:57.658758,SEND,30dd29c0b559bddb6a3d1978f9b191c5
2016-04-26 12:00:57.673768,RECV,be8cdb1cdbd23c030503e17e8300dbd3
2016-04-26 12:00:57.699378,SEND,120a35cce1825089f8f422df4baece50
2016-04-26 12:00:57.711805,RECV,a10bdeb10f43a53945e53dc67b65d39d
2016-04-26 12:00:57.737831,SEND,1e147c35381cc9d9ea3568b709a48dff
2016-04-26 12:00:57.765380,RECV,777cbd57764f97dc0ef308293ac42fb9
2016-04-26 12:00:57.791248,RECV,7580a1580f53263c8ec83844b9800af2
2016-04-26 12:00:57.793887,SEND,eb80355ec6516bcf0820b351cffac02f
2016-04-26 12:00:57.805027,SEND,7dba3889d18fca9ea0d1c61e582a5609
2016-04-26 12:00:57.854834,RECV,343eba0032a0e160b6e1f7470ae73e48
2016-04-26 12:00:57.858885,RECV,cae26d4747b840eda9436a5d7faf514e
2016-04-26 12:00:57.880901,SEND,4883583eadc2c81606fa3859545e293a
2016-04-26 12:00:57.894943,SEND,480cb26dd92a838ddf9048a054518c5d
2016-04-26 12:00:57.921015,RECV,dfd29313b7f35a2a660caf9c7ad18038
2016-04-26 12:00:57.933023,RECV,de1b24c02f8114b897a49420f004c720
2016-04-26 12:00:57.938034,SEND,55676c67b51e35d78abb8dabd52930be
2016-04-26 12:00:57.946662,SEND,bb38fb911152f021e08b5c7c5092e38e
2016-04-26 12:00:57.974068,RECV,20c5685adeef1b6bcd888f3eab89fe1a
2016-04-26 12:00:57.987081,SEND,9ce08c38ac1875920de923c941c833b2
2016-04-26 12:00:57.998091,RECV,2add1ab109fe27046c3598bba375c7a5
2016-04-26 12:00:58.024249,SEND,1932a5753326f95b3b130d91388e637f
2016-04-26 12:00:58.026120,RECV,6e69c581ae36b569d989a67cb59e3bdf
2016-04-26 12:00:58.050143,RECV,e7b138f91d1a3f9fec0617797eae1f38
2016-04-26 12:00:58.064156,SEND,a7d431730cce49c007c1e019eec860ae
2016-04-26 12:00:58.064356,SEND,75e36606a8747a21e1ad740b9f50b329
2016-04-26 12:00:58.104199,RECV,3102967c8483cafba9d8d61b4be3c7d5
2016-04-26 12:00:58.141230,RECV,898b644a725d9b90e37acfb88167a35c
2016-04-26 12:00:58.146431,SEND,a568b13ad39341db33fe64aeaa3a30fe
2016-04-26 12:00:58.167266,SEND,dd0b2604bdf50a48075f8c71adc7a7fc
2016-04-26 12:00:58.182277,RECV,43a8dbcbc2d7234bd80530a26180c2da
2016-04-26 12:00:58.195289,SEND,8899794f71c1dd0d91783dceda03a07f
2016-04-26 12:00:58.206299,RECV,f4bd63a61f97584f9801f5b83c570fa6
2016-04-26 12:00:58.233325,SEND,b0b9e460e3fe034bfdbf1e3f56b6b4f7
2016-04-26 12:00:58.233851,RECV,f8c071afb020b01d129b2d33163132f2
2016-04-26 12:00:58.260357,SEND,df22b8abe24374fae27e5510304ca3f9
2016-04-26 12:00:58.286868,RECV,c2b9ef9d4a65e23cb3ab327ad4e87c3a
2016-04-26 12:00:58.312896,SEND,a8fd936c9c0c9469947de4efee501267
2016-04-26 12:00:58.338431,RECV,620f45c7e426d1ab079a7ba7a0a6ed5e
2016-04-26 12:00:58.351445,SEND,33a4b8f3e91f17e83a65b640fd22f669
2016-04-26 12:00:58.388479,RECV,3b5c5e9a155ceb67295988b9f59fc5b0
2016-04-26 12:00:58.402362,SEND,d94049fbb81bb758bf926b2105447c8b
2016-04-26 12:00:58.403369,RECV,ebc5f400ad4c5a2d50388e7c049e08c4
2016-04-26 12:00:58.416515,SEND,e87affded908ca7a3d47bd882b9cc779
2016-04-26 12:00:58.472085,RECV,4c9ad26c37c8fa132898896ba57b7e56
2016-04-26 12:00:58.479575,RECV,bfd311cac78292cd21ffbd83abc65228
2016-04-26 12:00:58.519650,SEND,95ed8c0760b0d4b08b0929bfe5e2cd3a
2016-04-26 12:00:58.533689,SEND,bc2b7c51dd9461ca38ad8876217e0125
2016-04-26 12:00:58.559652,RECV,7bce8644bd327577a85e66dcbfcf66d9
2016-04-26 12:00:58.571773,SEND,4241d3f6d7b11f46a3981538a5609796
2016-04-26 12:00:58.573669,RECV,8e60f3594b2e4de88d513e29f2445dbd
2016-04-26 12:00:58.587086,SEND,5831ffcdb276cc9a5f99de99b36ae79a
2016-04-26 12:00:58.623716,RECV,2674451da24dee8b2a9d5da5d6805ac5
2016-04-26 12:00:58.636735,SEND,527356cb732f7be776b1c45a9958da39
2016-04-26 12:00:58.665757,RECV,e97c24e36ba39ebe29ac54cba788df6d
2016-04-26 12:00:58.677768,RECV,80b574f6167283782e791e55053cdcdc
2016-04-26 12:00:58.691787,SEND,1b9a1211b258f190cf2067ba736dc293
2016-04-26 12:00:58.704507,SEND,c93b49939bf47315bb9779023b9f5641
2016-04-26 12:00:58.754848,RECV,6ac6338e8d704f9d5567ce6077faeec7
2016-04-26 12:00:58.768067,SEND,a4899cc6bbb925c05de5f6ec03a95f12
2016-04-26 12:00:58.769861,RECV,7bff4b2bf5cc74bc9514a23e79e4a9c8
2016-04-26 12:00:58.795891,SEND,35b5a70390ed5c428018a965c4c1712a
2016-04-26 12:00:58.808899,RECV,79a13fd574a22bd042c54f415a1a758d
2016-04-26 12:00:58.832932,SEND,22daa341b497a86a570b5f96690408f5
2016-04-26 12:00:58.834928,RECV,6681216dc9e047391ee49e04a6da9891
2016-04-26 12:00:58.850941,SEND,052dc0bf9108140fdc1f79344b0324c3
2016-04-26 12:00:58.884977,RECV,390a7e3f903876ed68d1a04753e56cf5
2016-04-26 12:00:58.889377,RECV,be471c28ad3b28cc0ea29b032e846a86
2016-04-26 12:00:58.911422,SEND,d1465284fa808dc19a273ab34f03101c
2016-04-26 12:00:58.937031,RECV,0983ead422e15716ff41659d58e3e02e
2016-04-26 12:00:58.939408,SEND,b8a64c4227d9f51dc865d1b35853deaf
2016-04-26 12:00:58.963554,SEND,0f9c037b053d6dd86a9c9d252344ca5d
2016-04-26 12:00:58.991086,RECV,7265529b67319386ea0f9b14bf1b2a9d
2016-04-26 12:00:59.016107,RECV,2c0b47df2adc1416024bf4ab1171b3cf
2016-04-26 12:00:59.028814,SEND,b591516ab893267b9d76220db3993ac9
2016-04-26 12:00:59.030127,SEND,e1bef2667d56813f1d876e13b16c3134
