2016-04-26 12:00:56.388716,RECV,3b82b66f0a17c504569814c71bc89f38
2016-04-26 12:00:56.415792,SEND,1439d9177730f83613a75ba2a469bf2e
2016-04-26 12:00:56.444531,RECV,bf6bdb3d451ebc8aa5401fb9279d0024
2016-04-26 12:00:56.462560,SEND,57bb258f210e6de553e43c28140e8a2c
2016-04-26 12:00:56.497020,RECV,c5f6917e73676a0c528e78d41ba59caa
2016-04-26 12:00:56.507607,SEND,6808b52d3d761dc604916dc9987a3377
2016-04-26 12:00:56.580078,RECV,5c1f5dc8e45427cc8f37c3a6bf18f386
2016-04-26 12:00:56.597701,SEND,f83da840175f79a4698e4c27a51fbbbd
2016-04-26 12:00:56.625114,RECV,1b02cb3b2e6aa26ae6fda4db31408820
2016-04-26 12:00:56.650450,SEND,36948e2c41e579bd0a480d3454655fcd
2016-04-26 12:00:56.705800,RECV,977c410045f824c8e14ab91a20a21a88
2016-04-26 12:00:56.714815,SEND,8ca9c09c84ce454607913df408c2d1db
2016-04-26 12:00:56.769863,RECV,cdb358c9d74bbbb6421ac9046dafa8d4
2016-04-26 12:00:56.778876,SEND,0d4cc47bec573ea1e5f4b5ae09419e0b
2016-04-26 12:00:56.814910,RECV,f9f34bbda6ba6fd79f2b84bc1d0a3faa
2016-04-26 12:00:56.823924,SEND,9b42ece7d68e4345410a730f2038d88f
2016-04-26 12:00:56.858896,RECV,71c214a4895eec8ba6c2ee93b1e7b975
2016-04-26 12:00:56.868969,SEND,c855f5a06d7ee8fe72fcc6f214496766
2016-04-26 12:00:56.931498,RECV,c08ff0541d82d54cdae169618da9567c
2016-04-26 12:00:56.942042,SEND,423ee03031e8df7d1357ef4ebf30f17e
2016-04-26 12:00:57.003257,RECV,38c4945526c7142e68a81d59304bb881
2016-04-26 12:00:57.014110,SEND,08b918d3ac22804e89c99fc5eadbbab0
2016-04-26 12:00:57.084474,RECV,63ec6d312bb8be884b0ac6f474d6a555
2016-04-26 12:00:57.121221,SEND,d170e4736a9ce0a31982af3bd048067e
2016-04-26 12:00:57.158251,RECV,0191076ad72f7b99b4eb49fc69fc6c8c
2016-04-26 12:00:57.167267,SEND,3e7d684925eef2d56e724be8da488572
2016-04-26 12:00:57.212697,RECV,66b31ff477ba10c77f162cdbda418588
2016-04-26 12:00:57.238083,SEND,2be93615f2f4ab9891b9ba396fd7977f
2016-04-26 12:00:57.294385,RECV,e7e99d776f48c6ecafd03cd4d7be9967
2016-04-26 12:00:57.319980,SEND,7e37f6796b56e47f6ea99d6f74148436
2016-04-26 12:00:57.392488,RECV,7b15326219cab1bf4d6470e0f782a8db
2016-04-26 12:00:57.411512,SEND,dea777f094f662b7f9734c0d9309201f
2016-04-26 12:00:57.474568,RECV,b1b38f90fdc11c13c2fe4d832c9d160f
2016-04-26 12:00:57.500480,SEND,93a75fa8e4f7fc7822005e96d59c0b35
2016-04-26 12:00:57.546640,RECV,4d519baf8ebf0d9161a20c391a6a5385
2016-04-26 12:00:57.574672,SEND,e6534c6bb1e30b9c3c7ebebbbcc68348
2016-04-26 12:00:57.618715,RECV,fc0a627aa1f611380068a182cf95db3b
2016-04-26 12:00:57.653882,SEND,bb49a203a74d1b119f87fc93358bc001
2016-04-26 12:00:57.682776,RECV,1a47b0f970732b3679ec40fc86bab1d9
2016-04-26 12:00:57.691786,SEND,5d9d81a39a6b4854f4d600d0aeb2a730
2016-04-26 12:00:57.772569,RECV,178a3efb9630895bb654572d24be3c01
2016-04-26 12:00:57.799896,SEND,c3389021dd76b2d274816ca225753a63
2016-04-26 12:00:57.880976,RECV,2af98d56b86746410d7e576a173134b6
2016-04-26 12:00:57.915799,SEND,3e915e1f424fbba8306e05710c4a5e32
2016-04-26 12:00:57.971066,RECV,7edde7335d700f397d1715a9949c9dae
2016-04-26 12:00:57.997057,SEND,9c6a0bcd502527f2618591413c6e4583
2016-04-26 12:00:58.044135,RECV,0b31ce0b9b20c8a61e3c354dce8335e9
2016-04-26 12:00:58.062160,SEND,fa29f024b3e5477ca43c397088546be3
2016-04-26 12:00:58.107202,RECV,f842fcbab6b53d5303776824d0127c33
2016-04-26 12:00:58.150469,SEND,814030c0116ded2880de04afc051d824
2016-04-26 12:00:58.214703,RECV,b119a1739a5868ea504691aa119b89cd
2016-04-26 12:00:58.240709,SEND,e3c3e50e40e000cf18b8396ad79cfb1f
2016-04-26 12:00:58.287379,RECV,a580f915fbc2b5d2d5c012815803e3f1
2016-04-26 12:00:58.303901,SEND,660c0200568b5b76eeca9215d1437cb4
2016-04-26 12:00:58.350147,RECV,563d3574873af16321b8a2c5a70ceb4a
2016-04-26 12:00:58.376102,SEND,6a82be2909cd70ed5c58c2048f03157c
2016-04-26 12:00:58.439269,RECV,1c282de6d31170dd9bcb566e16743e00
2016-04-26 12:00:58.449551,SEND,e4c8b3eaf526505ca5f3d99acf3995a0
2016-04-26 12:00:58.539631,RECV,d8c60a2b1a5bfd06e3a20b7ae8c97229
2016-04-26 12:00:58.556609,SEND,f8ffb1c6b16c78ff71b4d13b8b59bf58
2016-04-26 12:00:58.603697,RECV,1a9b4983c012b88fa2a44dd7547cae1a
2016-04-26 12:00:58.630725,SEND,b74489fd2df3610e4e0323bb76fa7403
2016-04-26 12:00:58.693785,RECV,3dccba5dffdb06b7d35cde4eb7ce5405
2016-04-26 12:00:58.737105,SEND,4da550b0e1f40346b5b1ac21661f5a20
2016-04-26 12:00:58.765865,RECV,8b156b8812b801bf676b3bc9bc63d1a5
2016-04-26 12:00:58.782228,SEND,b10f3d6047078994eb74b5955c379fbf
2016-04-26 12:00:58.828922,RECV,ce8cda7a204fc34eaee44fba50ade4d2
2016-04-26 12:00:58.846947,SEND,42c161c3e73bf5b94ebe4f48a27b250c
2016-04-26 12:00:58.891984,RECV,37593a2e05673ae380e8643afdeab2eb
2016-04-26 12:00:58.900999,SEND,db90ba303dd18ffd0505e7e2acc36dbd
2016-04-26 12:00:58.964056,RECV,426fac486f83b697e25ce35b677d88a6
2016-04-26 12:00:58.998822,SEND,30cd95288449d0946b463aa77d629fb8
