2016-04-26 12:00:56.349451,SEND,3b82b66f0a17c504569814c71bc89f38
2016-04-26 12:00:56.361461,SEND,fffd638cdc9376e0e8e9cd9f309f320c
2016-04-26 12:00:56.424525,RECV,1439d9177730f83613a75ba2a469bf2e
2016-04-26 12:00:56.439541,SEND,bf6bdb3d451ebc8aa5401fb9279d0024
2016-04-26 12:00:56.470565,RECV,57bb258f210e6de553e43c28140e8a2c
2016-04-26 12:00:56.485584,SEND,c5f6917e73676a0c528e78d41ba59caa
2016-04-26 12:00:56.512011,RECV,869cf646ce18e7b03c6db303bb665cc2
2016-04-26 12:00:56.515609,RECV,6808b52d3d761dc604916dc9987a3377
2016-04-26 12:00:56.525723,RECV,7cfca7f69c8673f55b8d1d29fb44e421
2016-04-26 12:00:56.571116,SEND,30a81ff5c1ec72564a6e26cc8fb87bcb
2016-04-26 12:00:56.572673,SEND,b3152ea2a843aec53a81044cf123fc05
2016-04-26 12:00:56.575675,SEND,5c1f5dc8e45427cc8f37c3a6bf18f386
2016-04-26 12:00:56.602698,RECV,eb0e02cdb2c6894b22b35d1ef5cbddce
2016-04-26 12:00:56.605701,RECV,f83da840175f79a4698e4c27a51fbbbd
2016-04-26 12:00:56.621731,SEND,1b02cb3b2e6aa26ae6fda4db31408820
2016-04-26 12:00:56.631727,RECV,3706a6975afa700ef30bd3448c292b12
2016-04-26 12:00:56.638889,SEND,683ba5bfa6820aeb81c950aa84650273
2016-04-26 12:00:56.669753,RECV,e832e09f55bf24237aabc8f19a03f093
2016-04-26 12:00:56.677128,SEND,c575ed19ddf46019a4132a1f22c3c84e
2016-04-26 12:00:56.684129,SEND,7d11d4af4c7c65bd49584979006ee3fa
2016-04-26 12:00:56.680778,RECV,36948e2c41e579bd0a480d3454655fcd
2016-04-26 12:00:56.696791,SEND,977c410045f824c8e14ab91a20a21a88
2016-04-26 12:00:56.708808,RECV,94667bd796bc9935812a03ece5a89f6f
2016-04-26 12:00:56.721816,RECV,5e1493c57a59e4a3c4267c6214f2f728
2016-04-26 12:00:56.737530,SEND,dd4942c2093da115e806478465eeba57
2016-04-26 12:00:56.740411,SEND,43d7aef9f97110c33e1e89ff4a62d0c6
2016-04-26 12:00:56.740541,RECV,8ca9c09c84ce454607913df408c2d1db
2016-04-26 12:00:56.756856,SEND,cdb358c9d74bbbb6421ac9046dafa8d4
2016-04-26 12:00:56.766864,RECV,b5068127c02674e332748fa181854222
2016-04-26 12:00:56.771431,RECV,bb0459c74b745979720513b053ab829e
2016-04-26 12:00:56.784663,SEND,ca888449f4bee917bbee0515d1636699
2016-04-26 12:00:56.786883,RECV,0d4cc47bec573ea1e5f4b5ae09419e0b
2016-04-26 12:00:56.796896,SEND,db97f8612dfb9bc06b6d39edf74c25bb
2016-04-26 12:00:56.801903,SEND,f9f34bbda6ba6fd79f2b84bc1d0a3faa
2016-04-26 12:00:56.813910,RECV,61b636523baafa934461e450b3580609
2016-04-26 12:00:56.829793,SEND,cdf8f4ea5b3b796b55a3d2bb48a4eba6
2016-04-26 12:00:56.831926,RECV,9b42ece7d68e4345410a730f2038d88f
2016-04-26 12:00:56.846945,SEND,71c214a4895eec8ba6c2ee93b1e7b975
2016-04-26 12:00:56.872969,RECV,03f6d622959ef2067ffd2cf4a06de9a5
2016-04-26 12:00:56.875969,RECV,6516bdc84625e7d74560b2c3091d8a2a
2016-04-26 12:00:56.887949,SEND,87dd3d13f99b6054af179bb7dce8b1d4
2016-04-26 12:00:56.891549,RECV,c855f5a06d7ee8fe72fcc6f214496766
2016-04-26 12:00:56.920020,SEND,73b3c03ca1d9e07c69ced6e8f8e92081
2016-04-26 12:00:56.926080,SEND,c08ff0541d82d54cdae169618da9567c
2016-04-26 12:00:56.949891,RECV,43aa6dc35a8cb8fdea2f6a9ec1cb0dd2
2016-04-26 12:00:56.958091,RECV,423ee03031e8df7d1357ef4ebf30f17e
2016-04-26 12:00:56.963054,RECV,5a4ec817243e2845e6ec3b44991939ad
2016-04-26 12:00:56.978188,SEND,ef1778d714fcacccb30fe451755bcaf1
2016-04-26 12:00:56.988125,SEND,38c4945526c7142e68a81d59304bb881
2016-04-26 12:00:57.010295,SEND,2c5f78f3d930cee09e757e1695d30c39
2016-04-26 12:00:57.028122,RECV,08b918d3ac22804e89c99fc5eadbbab0
2016-04-26 12:00:57.040137,RECV,fd25e50dfdff1613138ff391eb2d752a
2016-04-26 12:00:57.068164,RECV,3df36c8445e2be5e04e0bba7a483bda0
2016-04-26 12:00:57.073175,SEND,63ec6d312bb8be884b0ac6f474d6a555
2016-04-26 12:00:57.083497,SEND,80f0711ddb3fef961cc71846d0fe4814
2016-04-26 12:00:57.088864,SEND,57c1b3dd4078836d3152b11f5682689f
2016-04-26 12:00:57.116209,RECV,e7c0ebfd7ed5b7a95a854a3702d35bde
2016-04-26 12:00:57.133229,RECV,d170e4736a9ce0a31982af3bd048067e
2016-04-26 12:00:57.145240,SEND,a7718293c8ba2ddde2f8b44899ccbeca
2016-04-26 12:00:57.148246,SEND,0191076ad72f7b99b4eb49fc69fc6c8c
2016-04-26 12:00:57.158257,RECV,25899f2ee4459eda90a89c686a255080
2016-04-26 12:00:57.173747,SEND,9c0e834cb33e4060cfdbfba2d15c6654
2016-04-26 12:00:57.178273,RECV,3e7d684925eef2d56e724be8da488572
2016-04-26 12:00:57.190284,RECV,10e3044e80cb1bac9117cc3c1348cddc
2016-04-26 12:00:57.203834,RECV,a60188933f5b2d4c28b6c968eb23cee7
2016-04-26 12:00:57.208303,SEND,66b31ff477ba10c77f162cdbda418588
2016-04-26 12:00:57.218872,SEND,b00a0ef305a63edc751c4beb2c0e1f1d
2016-04-26 12:00:57.220877,SEND,0e0404f56d65f5c0d4fe5ab37b719244
2016-04-26 12:00:57.251345,RECV,06cac01d272ba404b39d9b44ede6364f
2016-04-26 12:00:57.253349,RECV,2be93615f2f4ab9891b9ba396fd7977f
2016-04-26 12:00:57.263360,RECV,6bd445399ac3478f868f0cbb48432d3a
2016-04-26 12:00:57.283383,SEND,e7e99d776f48c6ecafd03cd4d7be9967
2016-04-26 12:00:57.294088,SEND,9698585528ed2d38fdd1ba5a6a8fafe6
2016-04-26 12:00:57.296390,SEND,40ef426d9e62adc9f39139f091358017
2016-04-26 12:00:57.327744,RECV,0c0a48696fd8a49087e522c6a1f11615
2016-04-26 12:00:57.342219,RECV,7e37f6796b56e47f6ea99d6f74148436
2016-04-26 12:00:57.357779,SEND,52294046a345365c576a8ae0b9c612ad
2016-04-26 12:00:57.372315,SEND,7b15326219cab1bf4d6470e0f782a8db
2016-04-26 12:00:57.383481,RECV,ebca2999e29e1ba2d18c02eaa0284e9e
2016-04-26 12:00:57.386479,RECV,51c67c9e736b20d475d9ac7609eabeb2
2016-04-26 12:00:57.398495,SEND,932d173602849871ea679e0ed4384933
2016-04-26 12:00:57.401391,SEND,d6a31fb6100ae6ffd573f139f3cf08f7
2016-04-26 12:00:57.418512,RECV,dea777f094f662b7f9734c0d9309201f
2016-04-26 12:00:57.430528,RECV,f5b88a55447c14d952ef6b01042708b8
2016-04-26 12:00:57.464562,SEND,b1b38f90fdc11c13c2fe4d832c9d160f
2016-04-26 12:00:57.475027,RECV,5dfbad090c9f62d76aa5a09d6e08b2f6
2016-04-26 12:00:57.477030,SEND,b4c47e8e7732e561b8aae7b28f255e55
2016-04-26 12:00:57.490239,SEND,5cbe9998a4d3684d7cfd6f36a23494c2
2016-04-26 12:00:57.507290,RECV,fdcd2f1fb4210272653375507c4e1af9
2016-04-26 12:00:57.509605,RECV,93a75fa8e4f7fc7822005e96d59c0b35
2016-04-26 12:00:57.537358,SEND,44ad0d216f403df259ba41895d8a24b5
2016-04-26 12:00:57.539635,SEND,4d519baf8ebf0d9161a20c391a6a5385
2016-04-26 12:00:57.566660,RECV,ac78b79e7c084d47de3e61d4901a1dd8
2016-04-26 12:00:57.584680,RECV,e6534c6bb1e30b9c3c7ebebbbcc68348
2016-04-26 12:00:57.597538,SEND,aef8ba9db0f940dc99bf7e2eede999b7
2016-04-26 12:00:57.599696,SEND,fc0a627aa1f611380068a182cf95db3b
2016-04-26 12:00:57.609702,RECV,38966da06ececfef88cdda9ee0c94fe0
2016-04-26 12:00:57.625124,SEND,93a7fc9c01d6831427cd05b83410c228
2016-04-26 12:00:57.626720,RECV,59bcfc69fea2ce5784b6c980f68b4e10
2016-04-26 12:00:57.641740,SEND,b01b1c4f59add0ef6a19edcd8152ddbf
2016-04-26 12:00:57.659757,RECV,bb49a203a74d1b119f87fc93358bc001
2016-04-26 12:00:57.669763,RECV,86eacf4ac8a990dddd2877a64c1e3003
2016-04-26 12:00:57.674771,SEND,1a47b0f970732b3679ec40fc86bab1d9
2016-04-26 12:00:57.686782,RECV,852e806cf84f9519bb9a48e35fd353ac
2016-04-26 12:00:57.700801,SEND,b458d529c4409b51ad67b52639bb1d8b
2016-04-26 12:00:57.702810,SEND,9e87c045731c370c92777a0704165246
2016-04-26 12:00:57.705801,RECV,5d9d81a39a6b4854f4d600d0aeb2a730
2016-04-26 12:00:57.732829,RECV,4179d4cde4399fa4e193f00be26adec0
2016-04-26 12:00:57.762946,SEND,9eaccf583848a4485b98622695fc2a49
2016-04-26 12:00:57.763953,SEND,178a3efb9630895bb654572d24be3c01
2016-04-26 12:00:57.777870,RECV,7ec47c8621d2c2b73edfb16b9d1dfabc
2016-04-26 12:00:57.791005,SEND,da8b6c271e082ba8adb1edb2bb598ba7
2016-04-26 12:00:57.807907,RECV,572183686fc738852cc98087312df317
2016-04-26 12:00:57.810609,RECV,c3389021dd76b2d274816ca225753a63
2016-04-26 12:00:57.835929,RECV,f3acea53bca4b0f1106164a8f2fd53ac
2016-04-26 12:00:57.866187,SEND,b6c3a77fc0174a3c6e1388d4f93a2d0a
2016-04-26 12:00:57.870968,SEND,2af98d56b86746410d7e576a173134b6
2016-04-26 12:00:57.882981,SEND,b1649515366bb796f96be1d02bc0b839
2016-04-26 12:00:57.911958,RECV,ac691e54fa7a722eb50da0c835c69055
2016-04-26 12:00:57.914008,RECV,bfa7fb9fbb8d7bea5ddf2883c4a7fab8
2016-04-26 12:00:57.926336,SEND,d5a6fb745e950b6c67f039dec7efcceb
2016-04-26 12:00:57.931028,RECV,3e915e1f424fbba8306e05710c4a5e32
2016-04-26 12:00:57.943380,SEND,2b3ee06b90141fad303802b1b390522e
2016-04-26 12:00:57.961058,SEND,7edde7335d700f397d1715a9949c9dae
2016-04-26 12:00:57.973068,RECV,4bfff194a7bfbab226b5e49adda4e3dd
2016-04-26 12:00:57.986899,RECV,525f35e848d9dcb6d7ded96df587b4f1
2016-04-26 12:00:58.002096,SEND,41631e8bbd7d8909f06fde3b61dcd73d
2016-04-26 12:00:58.003103,SEND,f0cfeef2eaca74177d81a7b994fb2f32
2016-04-26 12:00:58.006100,RECV,9c6a0bcd502527f2618591413c6e4583
2016-04-26 12:00:58.035024,SEND,0b31ce0b9b20c8a61e3c354dce8335e9
2016-04-26 12:00:58.047250,RECV,162cfa9b044ddedf82b91ab1bc35f0d3
2016-04-26 12:00:58.062095,SEND,177686ff33027e392fde3575fc718793
2016-04-26 12:00:58.063158,RECV,20266f8ef9367e21ae2568bd69f4f4d9
2016-04-26 12:00:58.078173,SEND,5a0f1f5f68606cd2813e330260cf1d98
2016-04-26 12:00:58.080148,RECV,fa29f024b3e5477ca43c397088546be3
2016-04-26 12:00:58.098227,SEND,f842fcbab6b53d5303776824d0127c33
2016-04-26 12:00:58.107202,RECV,5c1db2c1ebdbfd491484a672d0e6204a
2016-04-26 12:00:58.109208,RECV,ab55d12464c48417be11143d0d939605
2016-04-26 12:00:58.122233,SEND,bf49bed2872710eaca67f002408763b4
2016-04-26 12:00:58.124223,SEND,4856fdbf913c84b2a35a358b94c43b46
2016-04-26 12:00:58.157253,RECV,814030c0116ded2880de04afc051d824
2016-04-26 12:00:58.169262,RECV,8dee049c24339ff6aac7d46ad5f83061
2016-04-26 12:00:58.199418,SEND,39e1a5e2a57f1ff669670836523d3801
2016-04-26 12:00:58.202300,SEND,b119a1739a5868ea504691aa119b89cd
2016-04-26 12:00:58.213304,RECV,9423810f2b5315c2dac041ec4b4206cf
2016-04-26 12:00:58.244338,RECV,23205cc6cb4af58456bd71e1c3fc8c95
2016-04-26 12:00:58.263356,RECV,e3c3e50e40e000cf18b8396ad79cfb1f
2016-04-26 12:00:58.274364,SEND,9fae3dbdb721574b61f1e044d66ae11a
2016-04-26 12:00:58.275433,SEND,f02f2f29fd9bff7644a6037ebe1b4dcc
2016-04-26 12:00:58.278378,SEND,a580f915fbc2b5d2d5c012815803e3f1
2016-04-26 12:00:58.305398,RECV,3091c974d81de7979b8bba9c61bc36c0
2016-04-26 12:00:58.319413,RECV,b9b085237a262ddff823b1797fc574b3
2016-04-26 12:00:58.321543,RECV,660c0200568b5b76eeca9215d1437cb4
2016-04-26 12:00:58.333568,SEND,6bbb1d94ecab86972f76d91e92e30a53
2016-04-26 12:00:58.342872,SEND,b10c1f86e5b144b5272bfb38450c7464
2016-04-26 12:00:58.338437,SEND,563d3574873af16321b8a2c5a70ceb4a
2016-04-26 12:00:58.371395,RECV,362701a8ad3cbe7436476effbbc25d11
2016-04-26 12:00:58.395726,SEND,1b37b8ae073d4794f406f2f4469f2419
2016-04-26 12:00:58.396731,RECV,6a82be2909cd70ed5c58c2048f03157c
2016-04-26 12:00:58.425518,RECV,b659435db082eab68140188a92a7cd06
2016-04-26 12:00:58.428522,SEND,1c282de6d31170dd9bcb566e16743e00
2016-04-26 12:00:58.438533,RECV,52970f81d4684af77a6844854340abe2
2016-04-26 12:00:58.458551,RECV,e4c8b3eaf526505ca5f3d99acf3995a0
2016-04-26 12:00:58.499893,SEND,a34fb2c58e982a27b6db75bf84a659fd
2016-04-26 12:00:58.500599,SEND,39821b65a3155462d2ee736c2a1cfa11
2016-04-26 12:00:58.533630,SEND,d8c60a2b1a5bfd06e3a20b7ae8c97229
2016-04-26 12:00:58.545637,RECV,41d0df58cd2fd17b475496921da7105f
2016-04-26 12:00:58.547121,RECV,392aef3ebf7935c95113b9094662d419
2016-04-26 12:00:58.558655,SEND,b2fe9131f084197d64a59d06aa3d9314
2016-04-26 12:00:58.563655,SEND,3c30bd411689a147f0e2c5a49c139e3b
2016-04-26 12:00:58.563657,RECV,f8ffb1c6b16c78ff71b4d13b8b59bf58
2016-04-26 12:00:58.590683,RECV,b9d9bc5141a139e64ea236d76dd36bd6
2016-04-26 12:00:58.593693,SEND,1a9b4983c012b88fa2a44dd7547cae1a
2016-04-26 12:00:58.603699,RECV,eaf949fe49ca444949380051de573826
2016-04-26 12:00:58.619565,SEND,f7a1c79c0a39680caa2796255576095a
2016-04-26 12:00:58.622909,SEND,572d2fe4f5e8d0d513f5e1b7bf53fdbe
2016-04-26 12:00:58.638726,RECV,b74489fd2df3610e4e0323bb76fa7403
2016-04-26 12:00:58.652939,RECV,bd3954c12b8c9676f929fb2f9582cbe3
2016-04-26 12:00:58.664713,RECV,ee95f59c2ed4780595b42d85440676e2
2016-04-26 12:00:58.683784,SEND,3dccba5dffdb06b7d35cde4eb7ce5405
2016-04-26 12:00:58.694785,SEND,8f7f3a560d29ddc9d74f97a549f09584
2016-04-26 12:00:58.695794,SEND,ebbbcc59dd652bd9c95e48dba660d09a
2016-04-26 12:00:58.726821,RECV,5d9d2d925c15d95f5ec38e2016720987
2016-04-26 12:00:58.744840,RECV,4da550b0e1f40346b5b1ac21661f5a20
2016-04-26 12:00:58.754848,RECV,f4e8598dd38a477e50aa76e1ba502789
2016-04-26 12:00:58.759208,SEND,9f2677ba57d5b962aad595594da2c272
2016-04-26 12:00:58.759857,SEND,8b156b8812b801bf676b3bc9bc63d1a5
2016-04-26 12:00:58.784995,SEND,234825ba48ff42290b2f5705b667f957
2016-04-26 12:00:58.789883,RECV,b10f3d6047078994eb74b5955c379fbf
2016-04-26 12:00:58.801895,RECV,ea50747476c4dd767a2b40d58ac9b457
2016-04-26 12:00:58.817063,SEND,15c57ade75d715381162424ff835077a
2016-04-26 12:00:58.819917,SEND,ce8cda7a204fc34eaee44fba50ade4d2
2016-04-26 12:00:58.829923,RECV,a57071b8f60a2bb185b83d3ea6b2a375
2016-04-26 12:00:58.845125,SEND,bab23f676e1ae06d66715b46781f6cad
2016-04-26 12:00:58.861955,RECV,c82d01fd93ee4ff451a6d3095b289c43
2016-04-26 12:00:58.864958,RECV,42c161c3e73bf5b94ebe4f48a27b250c
2016-04-26 12:00:58.877971,SEND,25ce6b0a0a1d21b16c2b54a7c4ab8235
2016-04-26 12:00:58.879979,SEND,37593a2e05673ae380e8643afdeab2eb
2016-04-26 12:00:58.905999,RECV,efc3e169480f7336cdb49df0b4e7ed5d
2016-04-26 12:00:58.910785,RECV,1bf06288e82de190b6e712b4db34eaeb
2016-04-26 12:00:58.911004,RECV,db90ba303dd18ffd0505e7e2acc36dbd
2016-04-26 12:00:58.936037,SEND,67a331ce14318a5c1a8b846aab955055
2016-04-26 12:00:58.955896,SEND,1f038c3edda5f318897f77717b53c3ea
2016-04-26 12:00:58.956052,SEND,426fac486f83b697e25ce35b677d88a6
2016-04-26 12:00:58.997089,RECV,e727af046e54905f8115db054866b974
2016-04-26 12:00:59.000509,RECV,ade59c342d5dc419640b7a65d56b0d99
2016-04-26 12:00:59.011265,SEND,d913109cdcfc095c0aff63d2c00f826f
2016-04-26 12:00:59.014617,SEND,f8c08c69087ea573fc6e19a671c747e6
2016-04-26 12:00:59.016110,RECV,30cd95288449d0946b463aa77d629fb8
2016-04-26 12:00:59.044135,RECV,57915471a596b2099060008f6d7c8a7d
2016-04-26 12:00:59.047142,SEND,734375ed0b22dcea34c5770025052b3e
