Mean delay : 0.0128824806688
Std dev    : 0.0100448238728
Bin[0] = 350
Bin[1] = 510
Bin[2] = 64
Bin[3] = 15
Bin[4] = 3
Bin[5] = 4
Bin[6] = 1
Bin[7] = 0
Bin[8] = 0
Bin[9] = 0
Bin[10] = 7
Total packets  : 954
Total neg packets : 7
total_outlierpackets : 4
