Mean delay : 0.0193548113208
Std dev    : 0.0354087019743
Bin[0] = 19
Bin[1] = 28
Bin[2] = 1
Bin[3] = 2
Bin[4] = 1
Bin[5] = 0
Bin[6] = 0
Bin[7] = 0
Bin[8] = 0
Bin[9] = 0
Bin[10] = 2
Total packets  : 2
Total neg packets : 0
total_outlierpackets : 0
