Mean delay : 0.0204863770492
Std dev    : 0.0267877411448
Bin[0] = 52
Bin[1] = 90
Bin[2] = 17
Bin[3] = 7
Bin[4] = 2
Bin[5] = 0
Bin[6] = 3
Bin[7] = 2
Bin[8] = 1
Bin[9] = 0
Bin[10] = 7
Total packets  : 7
Total neg packets : 2
total_outlierpackets : 0
