2016-04-26 12:00:56.365462,RECV,51ba3624d5e4d7d1281399c9cb96e4bd
2016-04-26 12:00:56.392499,SEND,d0f949d3da6b3737b5f562a05f0c0e4a
2016-04-26 12:00:56.428566,RECV,3ab58959f956c395372ca8013926ca6f
2016-04-26 12:00:56.455642,SEND,7e6048f918eaf27bd7ec1d66e05d44dc
2016-04-26 12:00:56.512018,RECV,e55a90b55603f013aee609ba5b802b45
2016-04-26 12:00:56.521128,SEND,51864a124703297441ae26ed8cf7f893
2016-04-26 12:00:56.582678,RECV,978aca1934f20743ed0ee0dcf1aec7e2
2016-04-26 12:00:56.600700,SEND,700d2bc2c8571ebe940bb348822619a1
2016-04-26 12:00:56.655752,RECV,0f533553d8157e84f7ddc87d64009c26
2016-04-26 12:00:56.682131,SEND,8e3152681329f8a68b49127c5c10793f
2016-04-26 12:00:56.727820,RECV,7213c2b8feb62533e269b3c2b71af5aa
2016-04-26 12:00:56.754328,SEND,8faa6cb009fe6f968b90d34cfc43192f
2016-04-26 12:00:56.790887,RECV,00f94379f467a50a63eaa51c5d3d2304
2016-04-26 12:00:56.810905,SEND,0518b3c99a7dcefab38c4265e5377a59
2016-04-26 12:00:56.872964,RECV,f4324b137d4968988623ddcf1c70ed5e
2016-04-26 12:00:56.910353,SEND,15614d80320f59e4d0d090a0cb581fd4
2016-04-26 12:00:56.954048,RECV,961d8c3520e0261a559c7fde93c162b0
2016-04-26 12:00:56.965070,SEND,cd98d8ff122bc8fe31f7945d982cb456
2016-04-26 12:00:57.054148,RECV,441fcb0f4b66755ae9476aec8d1a4046
2016-04-26 12:00:57.063160,SEND,257cdeab76db448e7eeff947da28a25b
2016-04-26 12:00:57.128221,RECV,67ca8e7031c1f299915095a7f575eac1
2016-04-26 12:00:57.152425,SEND,522468999565dd668b7635c803306156
2016-04-26 12:00:57.218312,RECV,d8008524e8a855bf96e42b42b647f1d3
2016-04-26 12:00:57.269728,SEND,85116288492ca28a5c25886a501bfc12
2016-04-26 12:00:57.342436,RECV,ab44990eaa17e11a9f2c8d7a4e784324
2016-04-26 12:00:57.360459,SEND,20315eb0ae9c9ebe059c05191f2cce56
2016-04-26 12:00:57.451545,RECV,02911973ae82cbc29a53ec46372c18fb
2016-04-26 12:00:57.462563,SEND,c0853bc0278a6c6870204ea00d18cd55
2016-04-26 12:00:57.541639,RECV,4315336585179b217aadf0de677cac84
2016-04-26 12:00:57.552654,SEND,6f6421eabcd8c287c49d30fb6693025c
2016-04-26 12:00:57.615710,RECV,6ad51ac2ca43b08e8cb47bb3de3dab27
2016-04-26 12:00:57.631731,SEND,93c1c079cb48cd500560fadbdc1f64a6
2016-04-26 12:00:57.676772,RECV,457d212eeae199b35263e48e778d6798
2016-04-26 12:00:57.685785,SEND,718991e86d48c6891910dd9b6c2a51d4
2016-04-26 12:00:57.731827,RECV,2a7ee4e51241171e5906521a2695fac1
2016-04-26 12:00:57.749198,SEND,ac50d9880e0638a37e81b012c9495b1d
2016-04-26 12:00:57.785882,RECV,06caecb1ea898dc67b5233f5f1a56bb0
2016-04-26 12:00:57.796402,SEND,abe62e4c46cc5e2614831b1919870be8
2016-04-26 12:00:57.857953,RECV,2f4463973809a6509ddb08ca70685d31
2016-04-26 12:00:57.884576,SEND,295f446b37eff923382289de99f04626
2016-04-26 12:00:57.921016,RECV,b360c3666ca9da48c4302f989d93cb68
2016-04-26 12:00:57.949048,SEND,bea97e9d838da0031e43c34906ccb27c
2016-04-26 12:00:57.993943,RECV,718257a474297e864de27b95b9275ea4
2016-04-26 12:00:58.021125,SEND,22e4b8f3d5ada360aa406894c677e26c
2016-04-26 12:00:58.084177,RECV,50daa49f0a2a2502173f8c78ade554f4
2016-04-26 12:00:58.129229,SEND,5699ee6fe86738b7b44694a26193b56b
2016-04-26 12:00:58.229323,RECV,f7a785de25b5263bdb9e09be50af7d72
2016-04-26 12:00:58.247255,SEND,ff5c5a5c26559fa523d6a53ac7ea1d95
2016-04-26 12:00:58.311405,RECV,dbc8b0ee5785d08ee4aa9218053bceea
2016-04-26 12:00:58.357455,SEND,44cf65dbe96d1f7451d62301e86d0796
2016-04-26 12:00:58.429525,RECV,c1d2343aaabc690cfa8bc1e6e4f4d303
2016-04-26 12:00:58.447547,SEND,c615bc98af6120a54be66f89b7f92772
2016-04-26 12:00:58.513607,RECV,17178bae5d0c5664b7c896b021e65815
2016-04-26 12:00:58.539656,SEND,357440fde701217108acce911e681e1f
2016-04-26 12:00:58.609602,RECV,3b991a136fc47d3c8c47206120ec6bc9
2016-04-26 12:00:58.627728,SEND,103c08bdbc6dd904d851d6eba551816d
2016-04-26 12:00:58.672767,RECV,a5b29c24a7a587418ff19f3a70f25d6d
2016-04-26 12:00:58.717816,SEND,11776c6475335c508ab1435d8275bc1b
2016-04-26 12:00:58.774514,RECV,023305a00d40007fe3e3f20f0eb7ca0e
2016-04-26 12:00:58.810698,SEND,bf48d0c919ee4bd6f4b68b8af82ee2d9
2016-04-26 12:00:58.879973,RECV,ea30e43455ffc6f25ca6a27dc13ea52f
2016-04-26 12:00:58.916000,SEND,017bdc8d3c2900db2feb84a6ca689c67
2016-04-26 12:00:58.964055,RECV,7c021f8f6b12f21eafc254a9ed47fe80
2016-04-26 12:00:58.991000,SEND,be2c87502aa15d9d21a9688081358a8d
