Mean delay : 0.0140444128596
Std dev    : 0.0114986295803
Bin[0] = 941
Bin[1] = 1391
Bin[2] = 397
Bin[3] = 115
Bin[4] = 15
Bin[5] = 3
Bin[6] = 2
Bin[7] = 3
Bin[8] = 1
Bin[9] = 0
Bin[10] = 9
Total packets  : 2877
Total neg packets : 89
total_outlierpackets : 11
