Mean delay : 0.0249713090909
Std dev    : 0.066805308674
Bin[0] = 20
Bin[1] = 29
Bin[2] = 1
Bin[3] = 0
Bin[4] = 0
Bin[5] = 0
Bin[6] = 0
Bin[7] = 0
Bin[8] = 0
Bin[9] = 0
Bin[10] = 4
Total packets  : 4
Total neg packets : 2
total_outlierpackets : 1
