Mean delay : 0.0251413461538
Std dev    : 0.00817841920619
Bin[0] = 0
Bin[1] = 179
Bin[2] = 155
Bin[3] = 83
Bin[4] = 21
Bin[5] = 4
Bin[6] = 0
Bin[7] = 0
Bin[8] = 0
Bin[9] = 0
Bin[10] = 3
Total packets  : 445
Total neg packets : 0
total_outlierpackets : 3
