Mean delay : 0.0178256871591
Std dev    : 0.0245554571053
Bin[0] = 464
Bin[1] = 935
Bin[2] = 330
Bin[3] = 122
Bin[4] = 43
Bin[5] = 8
Bin[6] = 10
Bin[7] = 5
Bin[8] = 4
Bin[9] = 0
Bin[10] = 22
Total packets  : 22
Total neg packets : 87
total_outlierpackets : 13
