Mean delay : 0.211879328804
Std dev    : 0.06523041257
Bin[0] = 0
Bin[1] = 0
Bin[2] = 0
Bin[3] = 0
Bin[4] = 1
Bin[5] = 0
Bin[6] = 0
Bin[7] = 2
Bin[8] = 0
Bin[9] = 2
Bin[10] = 398
Total packets  : 403
Total neg packets : 0
total_outlierpackets : 35
