Mean delay : 0.014847921875
Std dev    : 0.0132952584845
Bin[0] = 25
Bin[1] = 29
Bin[2] = 6
Bin[3] = 1
Bin[4] = 0
Bin[5] = 2
Bin[6] = 0
Bin[7] = 0
Bin[8] = 1
Bin[9] = 0
Bin[10] = 1
Total packets  : 1
Total neg packets : 1
total_outlierpackets : 2
