Mean delay : 0.0592395099541
Std dev    : 0.0803295306893
Bin[0] = 17
Bin[1] = 86
Bin[2] = 197
Bin[3] = 101
Bin[4] = 44
Bin[5] = 29
Bin[6] = 14
Bin[7] = 20
Bin[8] = 18
Bin[9] = 11
Bin[10] = 149
Total packets  : 686
Total neg packets : 13
total_outlierpackets : 46
