Mean delay : 0.0264118367003
Std dev    : 0.0477870795512
Bin[0] = 317
Bin[1] = 410
Bin[2] = 186
Bin[3] = 80
Bin[4] = 53
Bin[5] = 25
Bin[6] = 19
Bin[7] = 10
Bin[8] = 9
Bin[9] = 4
Bin[10] = 59
Total packets  : 1172
Total neg packets : 35
total_outlierpackets : 19
