Mean delay : 0.0283233083004
Std dev    : 0.0523103971769
Bin[0] = 50
Bin[1] = 77
Bin[2] = 50
Bin[3] = 22
Bin[4] = 17
Bin[5] = 8
Bin[6] = 5
Bin[7] = 0
Bin[8] = 7
Bin[9] = 1
Bin[10] = 18
Total packets  : 18
Total neg packets : 7
total_outlierpackets : 9
