Mean delay : 0.0186244124169
Std dev    : 0.0281891469708
Bin[0] = 149
Bin[1] = 202
Bin[2] = 42
Bin[3] = 22
Bin[4] = 8
Bin[5] = 4
Bin[6] = 1
Bin[7] = 1
Bin[8] = 0
Bin[9] = 0
Bin[10] = 15
Total packets  : 15
Total neg packets : 10
total_outlierpackets : 3
