Mean delay : 0.0195294482759
Std dev    : 0.0228757236259
Bin[0] = 18
Bin[1] = 27
Bin[2] = 5
Bin[3] = 4
Bin[4] = 1
Bin[5] = 0
Bin[6] = 0
Bin[7] = 0
Bin[8] = 1
Bin[9] = 0
Bin[10] = 4
Total packets  : 4
Total neg packets : 0
total_outlierpackets : 2
