Mean delay : 0.0105975975104
Std dev    : 0.00414761628828
Bin[0] = 111
Bin[1] = 127
Bin[2] = 2
Bin[3] = 0
Bin[4] = 0
Bin[5] = 0
Bin[6] = 0
Bin[7] = 0
Bin[8] = 0
Bin[9] = 0
Bin[10] = 0
Total packets  : 240
Total neg packets : 2
total_outlierpackets : 1
