Mean delay : 0.0556926478873
Std dev    : 0.0323416067651
Bin[0] = 2
Bin[1] = 10
Bin[2] = 13
Bin[3] = 4
Bin[4] = 0
Bin[5] = 10
Bin[6] = 9
Bin[7] = 6
Bin[8] = 5
Bin[9] = 7
Bin[10] = 7
Total packets  : 73
Total neg packets : 0
total_outlierpackets : 2
