Mean delay : 0.0239053609467
Std dev    : 0.0528299008761
Bin[0] = 48
Bin[1] = 65
Bin[2] = 17
Bin[3] = 6
Bin[4] = 2
Bin[5] = 4
Bin[6] = 1
Bin[7] = 3
Bin[8] = 1
Bin[9] = 2
Bin[10] = 7
Total packets  : 7
Total neg packets : 13
total_outlierpackets : 0
