Mean delay : 0.0196303227513
Std dev    : 0.0272766662724
Bin[0] = 151
Bin[1] = 240
Bin[2] = 75
Bin[3] = 35
Bin[4] = 11
Bin[5] = 8
Bin[6] = 5
Bin[7] = 4
Bin[8] = 5
Bin[9] = 1
Bin[10] = 11
Total packets  : 11
Total neg packets : 24
total_outlierpackets : 3
