Mean delay : 0.0228378657718
Std dev    : 0.0510390693021
Bin[0] = 60
Bin[1] = 60
Bin[2] = 15
Bin[3] = 4
Bin[4] = 1
Bin[5] = 1
Bin[6] = 0
Bin[7] = 1
Bin[8] = 0
Bin[9] = 0
Bin[10] = 6
Total packets  : 6
Total neg packets : 1
total_outlierpackets : 0
