Mean delay : 0.0348400702106
Std dev    : 0.0537606698812
Bin[0] = 145
Bin[1] = 188
Bin[2] = 147
Bin[3] = 108
Bin[4] = 71
Bin[5] = 50
Bin[6] = 33
Bin[7] = 28
Bin[8] = 22
Bin[9] = 19
Bin[10] = 82
Total packets  : 82
Total neg packets : 106
total_outlierpackets : 2
