2016-04-23 18:43:15.228866,RECV,35ebc8d924430dba4c60ad3d6b2b9777
2016-04-23 18:43:15.322150,SEND,700bd364e4aeec4ccee0cc0950c9c59c
2016-04-23 18:43:15.489914,SEND,fcbd4f1f4357e392e4fac0f903217d14
2016-04-23 18:43:15.685319,RECV,5d3dae1216fa8668eb0b30c7a926b623
2016-04-23 18:43:15.710350,SEND,6c543c944fa17ff86475656c1a4b4697
2016-04-23 18:43:15.729107,SEND,8df9564a0b37fe5425fc32d07cd49c54
2016-04-23 18:43:15.800433,RECV,17c0da73ad94851ad497362b98cf555d
2016-04-23 18:43:15.821448,RECV,1ebf0dd889f6dc302e75e20683197bfd
2016-04-23 18:43:15.896749,RECV,7faa82df73bf33c844769a7e922241ba
2016-04-23 18:43:16.042382,SEND,0dd8df4af03c1787a11e2f5353f538ce
2016-04-23 18:43:16.077713,SEND,75cc27d4b910ab5d70606336e7feee33
2016-04-23 18:43:16.182823,SEND,aa25c58e3b1e920dde4f7c3382126be8
2016-04-23 18:43:16.208287,RECV,74b142082521b13f522cf77ea3eef55a
2016-04-23 18:43:16.454087,RECV,b4beeaac6cb5d09bf84449d0c664d68f
2016-04-23 18:43:16.524166,SEND,4eba7e48e6cf214004a3288ccbb6e9a1
2016-04-23 18:43:16.558197,SEND,9af09d16ee509d7aa0f179f2ccbe2bfb
2016-04-23 18:43:16.885740,RECV,0aa9f22a84423d73a9c317e81dff5a39
2016-04-23 18:43:16.890523,RECV,295c7401aa414dbae605f46f767ed52d
2016-04-23 18:43:17.006653,SEND,d58b60e7f7445817c5f76746109e0a1b
2016-04-23 18:43:17.086726,SEND,afa65c2d9d24b283e1ae8dc3c73d5271
2016-04-23 18:43:17.218251,RECV,33a510d53c35b1134884271758693194
2016-04-23 18:43:17.262847,SEND,edb24c2f9bead95b27bf15ed76da0919
2016-04-23 18:43:17.338344,RECV,17974ddb2dd5f773587bf4e11fae1c73
2016-04-23 18:43:17.428064,SEND,6215d0c3fee1de2085750a7d47f8784f
2016-04-23 18:43:17.941578,RECV,462d922008bdb7846c91ac1834ce2760
2016-04-23 18:51:00.086445,SEND,e2b117d311c77dfb51f6c0fa61564c19
