2016-04-23 18:43:15.216852,RECV,918c0a8efde6a345938022f282939a4b
2016-04-23 18:43:15.222863,SEND,4bacc2b9d76ad4545b677b19823eebb9
2016-04-23 18:43:15.244877,SEND,c401e722567bf7f623cf2f3229c87388
2016-04-23 18:43:15.246891,SEND,1cdbf4f6e106b196f814e88df82eec39
2016-04-23 18:43:15.418053,RECV,76f6a7d507517e750f917475718c243f
2016-04-23 18:43:15.485119,RECV,c743e106513c48614a42c8a1236a1082
2016-04-23 18:43:15.518154,RECV,ab9908545d6a27957283c89b596b54e0
2016-04-23 18:43:15.936576,SEND,17a5f894d2c2f696363f759c6fd1362a
2016-04-23 18:43:15.939584,SEND,045778532878d84142884ace55ce34f1
2016-04-23 18:43:15.961604,SEND,6a421dd996c1c6d81a9ff23f8674dee3
2016-04-23 18:43:16.111749,RECV,ae8139ae3419b710fdc3d9d5149dc702
2016-04-23 18:43:16.134769,RECV,eda1f87a20f00810e9d67c8275b040e2
2016-04-23 18:43:16.156792,SEND,af6eec9c8ac9205a95d3601424253003
2016-04-23 18:43:16.255900,SEND,bd5fda20a77031d7a5a5951ccfe05402
2016-04-23 18:43:16.282918,RECV,4de2bc40a1718b74306f881737a2c539
2016-04-23 18:43:16.328823,SEND,a936b9d472320c49643fefb2d345f851
2016-04-23 18:43:16.330964,RECV,f2474bb8e2b823e972f5b46053e0c884
2016-04-23 18:43:16.452094,SEND,d6f06ae6d740b1073f85aaf10d6d5007
2016-04-23 18:43:16.525638,RECV,78fafd79abfd16db00a5e0934c8abaee
2016-04-23 18:43:16.587232,SEND,784634870f5f99ff0f020586bbd78302
2016-04-23 18:43:16.662295,RECV,6a53ef0b90f2c56382bff425ba2c9d6e
2016-04-23 18:43:16.692337,SEND,72ab4fa749c3934a999b992e9faae4aa
2016-04-23 18:43:16.768402,RECV,d3032246a07e8076282164e0efbe3a0f
2016-04-23 18:43:16.810442,RECV,731518359ab954cb1cc40f358b667028
2016-04-23 18:43:16.915550,SEND,36eb37263250745933311056687cf6c8
2016-04-23 18:43:16.932180,SEND,d0a07c1e29516e0fe6741466e10ed267
2016-04-23 18:43:16.963600,RECV,ce7935c45124f8e9a3ae992f2472cef3
2016-04-23 18:43:16.993637,SEND,90f181c8ac7c4ac8f6db214647b8f11e
2016-04-23 18:43:17.053686,RECV,6dcfb81b824f5dbc1b463c1cab21fc40
2016-04-23 18:43:17.081717,RECV,6c67ed93e7481ee0d49683736c0ef1dd
2016-04-23 18:43:17.099741,SEND,79389fda79ed66b2222525986690049b
2016-04-23 18:43:17.187149,SEND,bbaf3ec8dca47c7be19477ba2d6e5e74
2016-04-23 18:43:17.249883,RECV,1a4012bd951291a42b47e09c413441d2
2016-04-23 18:43:17.279924,SEND,d73af8e9315ba951dbcf01bae48ec1f1
2016-04-23 18:43:17.338805,RECV,27ee923d66c6645f1464a4ab69a21811
2016-04-23 18:43:17.662294,RECV,a2000a41c4ed0cd3846d00ac21898fd7
2016-04-23 18:50:59.998860,SEND,e7e8669a67ff977f648976bacbb1dac5
2016-04-23 18:50:59.998934,SEND,b4394f86c12df0484b1a973d135ad311
