Mean delay : 0.0178880222841
Std dev    : 0.0260487408747
Bin[0] = 94
Bin[1] = 177
Bin[2] = 36
Bin[3] = 14
Bin[4] = 4
Bin[5] = 3
Bin[6] = 3
Bin[7] = 2
Bin[8] = 2
Bin[9] = 0
Bin[10] = 8
Total packets  : 8
Total neg packets : 19
total_outlierpackets : 3
