Mean delay : 0.0363488834586
Std dev    : 0.0493618791859
Bin[0] = 126
Bin[1] = 244
Bin[2] = 135
Bin[3] = 62
Bin[4] = 56
Bin[5] = 22
Bin[6] = 31
Bin[7] = 17
Bin[8] = 14
Bin[9] = 13
Bin[10] = 60
Total packets  : 60
Total neg packets : 19
total_outlierpackets : 1
