2016-04-23 13:37:22.757570,SEND,8e8c24f4d9995f6f5012b19eb1d0d114
2016-04-23 13:37:22.877699,SEND,1d26d3889cfd7241c99185ef593bec1c
2016-04-23 13:37:22.921737,RECV,7e08c15e80c8fb5b518ba0865a605e4e
2016-04-23 13:37:23.030067,RECV,a0d2948df0f7874b16db91ba0860dd16
2016-04-23 13:37:23.057915,SEND,6f664b552d23984129426b41499c9ebd
2016-04-23 13:37:23.090909,SEND,da6ca63626542183993fe165bea153b0
2016-04-23 13:37:23.106921,RECV,6e93897989af105a4105940abd2ecdfc
2016-04-23 13:37:23.149966,RECV,428f33933231666bab04bef1dd934435
2016-04-23 13:37:23.209230,SEND,14e4cc4ed9b4be5b57f25f9b47a29b2e
2016-04-23 13:37:23.227391,RECV,2063bef3bd4217c2b6644a7c6c1e0dc0
2016-04-23 13:37:23.231049,SEND,13599dfddf565579cb5d0157d95c798f
2016-04-23 13:37:23.286507,RECV,ed46d5524d2da969cad6c41047a6ff2a
2016-04-23 13:37:23.427239,SEND,12bd9779e086b0d7e0d086dbdea6306f
2016-04-23 13:37:23.455293,SEND,5834cbd749c67732c487ac161f36a90a
2016-04-23 13:37:23.548009,RECV,5208e038dc6f5a6d83708f33be92a6c6
2016-04-23 13:37:23.548546,RECV,df3995f050248a3906e8d6d2aa861b8c
2016-04-23 13:37:23.578399,SEND,364d2fb311973997ac98e68f3d97ca6a
2016-04-23 13:37:23.581794,RECV,0bd54bc730eb1153413bb6e11f569828
2016-04-23 13:37:23.594910,SEND,33fd55cce32536c66d5899edd4554a17
2016-04-23 13:37:23.672277,RECV,cca79e489b0488f310ff384a00e7583b
2016-04-23 13:37:23.672380,SEND,d8deeda5eeb9d895a2503b28f64dbac2
2016-04-23 13:37:23.684503,RECV,77d3339af4449e0fc530f1ed49751518
2016-04-23 13:37:23.747564,SEND,3bf101b165c11a6ae2ac90403ed87cd9
2016-04-23 13:37:23.759610,SEND,6d4ba637f12129f8d8f3e4c5b67bb4de
2016-04-23 13:37:23.795611,RECV,d020a8527faa1f8d2eac588d609cb372
2016-04-23 13:37:23.917738,RECV,d2ed915ba4d08cd2986102d5a9798593
2016-04-23 13:37:23.934753,SEND,ce5a28adbe7a7456be772eeaacb210dc
2016-04-23 13:37:23.962776,RECV,ea7ef361d4fb18e25b751ff2a15e8b0c
2016-04-23 13:37:24.025844,SEND,fb992b376a524dbbcb28e96fb6305a94
2016-04-23 13:37:24.052851,SEND,39ad66240abfa6b21f1e42927d87101b
2016-04-23 13:37:24.057874,RECV,404aa160dfcaba3d205d1d7432e792af
2016-04-23 13:37:24.162976,RECV,455ddab68790391af96af3d888f8747c
2016-04-23 13:37:24.195028,SEND,367c5263fa578a6b8009269d1c28c6cd
2016-04-23 13:37:24.300571,SEND,1fd39114e4fd8b4fcabc1ef1208ce224
2016-04-23 13:37:24.302003,RECV,92a415202d91c4a3715352627845cf66
2016-04-23 13:37:24.329150,RECV,d80b290e6721318e831a00db194afabb
2016-04-23 13:37:24.363616,SEND,127ed95ddaa9d4aff3c7acc9ba2638b0
2016-04-23 13:37:24.439255,RECV,91f5fc61756e8c8a4974f6c1c28e0ebb
2016-04-23 13:37:24.452349,SEND,082e5172be2444081a63efbf5a1799a8
2016-04-23 13:37:24.487301,RECV,b42be6f15820f944abc118179af246d2
2016-04-23 13:37:24.620440,RECV,f092a558794a58a3e7677ea630fae4b2
2016-04-23 13:37:24.669018,SEND,2de45209568850a7fc79faedd5a499fd
2016-04-23 13:37:24.670489,SEND,5a5a8fbb4a63f28669223ba003f9dd04
2016-04-23 13:37:24.744562,SEND,5028fa8f0cdc437b7b826b8972028842
2016-04-23 13:37:24.761579,RECV,2277e41985b2fc0cf2bb8e01e1d16ba9
2016-04-23 13:37:24.850664,RECV,c0b604591c963071096b1e9ede4b17d6
2016-04-23 13:37:24.866724,SEND,2c8fdfed3848105a2fd0963eebb9aaa6
2016-04-23 13:37:24.886111,RECV,4cab075548a4488cd68dc45dc8e96ff0
2016-04-23 13:37:24.959778,SEND,71ba5c1d1c699b99e0e6473c1830d013
2016-04-23 13:37:24.960164,RECV,c6aa88b75c66a40bcd05a16f51299183
2016-04-23 13:37:24.963775,SEND,9366b3a25a7dceb0e60dd7da6248285a
2016-04-23 13:37:25.143182,RECV,a0e232a48165286c7eeeabf81c181d8c
2016-04-23 13:37:25.434250,SEND,0bc467499a4a6d565fbd0b721bf8030a
2016-04-23 13:37:25.447281,SEND,05573673b9e39670cecac8c26c26a857
2016-04-23 13:37:25.497310,RECV,09293c9c981994a0e84465cca83c9f6f
