2016-04-23 13:37:22.696813,SEND,d985ce1f72e7f9e2f3bd7c5ec50f447d
2016-04-23 13:37:22.763668,SEND,f03e89f5570cddffd4e287d4962c8036
2016-04-23 13:37:22.806594,RECV,f03e89f5570cddffd4e287d4962c8036
2016-04-23 13:37:22.866755,SEND,324f94996ebbedb3cb10e166d521f4a7
2016-04-23 13:37:22.961781,RECV,324f94996ebbedb3cb10e166d521f4a7
2016-04-23 13:37:23.264830,SEND,eb02f3134136bd1cff9c3ad16336c533
2016-04-23 13:37:23.306260,RECV,eb02f3134136bd1cff9c3ad16336c533
2016-04-23 13:37:23.686261,SEND,c2bf73bef89d27ed3969adcdcd1930fe
2016-04-23 13:37:23.739667,RECV,c2bf73bef89d27ed3969adcdcd1930fe
2016-04-23 13:37:23.888707,SEND,25aed514f6ba6d6bd14a6267b21870e1
2016-04-23 13:37:23.945407,RECV,25aed514f6ba6d6bd14a6267b21870e1
2016-04-23 13:37:24.081573,SEND,f315b5c66532e11bb9527377a1e4e3dc
2016-04-23 13:37:24.084902,RECV,f315b5c66532e11bb9527377a1e4e3dc
2016-04-23 13:37:24.373576,SEND,15f891a034b80588791655427c8badf6
2016-04-23 13:37:24.415501,RECV,15f891a034b80588791655427c8badf6
2016-04-23 13:37:24.766390,SEND,73018c3a00b58a72643db6165df22ad9
2016-04-23 13:37:24.860199,RECV,73018c3a00b58a72643db6165df22ad9
2016-04-23 13:37:24.985819,SEND,06c330e94bd3b2d15a6c633a4fb1f1dc
2016-04-23 13:37:25.013832,RECV,06c330e94bd3b2d15a6c633a4fb1f1dc
2016-04-23 13:48:46.538923,SEND,8eda0c1b5c26de5492f1960b85b45331
