2016-04-23 13:37:22.665828,SEND,bb8dc5f9ea6073e4755de8dcc1c52c03
2016-04-23 13:37:22.680948,RECV,bb8dc5f9ea6073e4755de8dcc1c52c03
2016-04-23 13:37:22.698487,SEND,e2bf1e5d34540d806c608aaf18d512b7
2016-04-23 13:37:22.726547,SEND,794dec8c719d08140ae28a195c41f8ea
2016-04-23 13:37:22.743936,RECV,794dec8c719d08140ae28a195c41f8ea
2016-04-23 13:37:22.866686,SEND,ba93fad98be7a4a60820f0285912857c
2016-04-23 13:37:22.894722,RECV,ba93fad98be7a4a60820f0285912857c
2016-04-23 13:37:22.984062,SEND,3c27e739204042f8d6989e0b222f6689
2016-04-23 13:37:22.987803,RECV,3c27e739204042f8d6989e0b222f6689
2016-04-23 13:37:23.047059,SEND,b82554c56a3e3f8d038498037805bfa4
2016-04-23 13:37:23.075892,RECV,b82554c56a3e3f8d038498037805bfa4
2016-04-23 13:37:23.153975,SEND,d1e289045069a38cd5ecf646e9eccc71
2016-04-23 13:37:23.170162,RECV,d1e289045069a38cd5ecf646e9eccc71
2016-04-23 13:37:23.216027,SEND,4785ba0d9faf4cad2ffb60bfd4475dae
2016-04-23 13:37:23.260768,RECV,4785ba0d9faf4cad2ffb60bfd4475dae
2016-04-23 13:37:23.351172,SEND,b6a50a8c02290396403e6756137c2414
2016-04-23 13:37:23.369717,RECV,b6a50a8c02290396403e6756137c2414
2016-04-23 13:37:23.549836,SEND,613e50f0f37dfe343715e49b763cff3d
2016-04-23 13:37:23.564379,RECV,613e50f0f37dfe343715e49b763cff3d
2016-04-23 13:37:23.700744,SEND,8a6b322165c18eb3345bb825bcd03936
2016-04-23 13:37:23.716252,RECV,8a6b322165c18eb3345bb825bcd03936
2016-04-23 13:37:23.747564,SEND,0de77accd166342e86dce07890d367bb
2016-04-23 13:37:23.774958,RECV,0de77accd166342e86dce07890d367bb
2016-04-23 13:37:23.822642,SEND,14695c4b4cb9519220e33d8298088cf7
2016-04-23 13:37:23.838283,RECV,14695c4b4cb9519220e33d8298088cf7
2016-04-23 13:37:23.944757,SEND,de9e6b55aa2bac0909589f2954aa86b7
2016-04-23 13:37:23.971902,RECV,de9e6b55aa2bac0909589f2954aa86b7
2016-04-23 13:37:24.092708,SEND,34ab011da5be54ccf797e63eb6b53498
2016-04-23 13:37:24.124969,RECV,34ab011da5be54ccf797e63eb6b53498
2016-04-23 13:37:24.247378,SEND,3d54d0adb62e40b6a9841a66c1c7c84b
2016-04-23 13:37:24.262079,RECV,3d54d0adb62e40b6a9841a66c1c7c84b
2016-04-23 13:37:24.324145,SEND,dc7fb09cb0e737da774e6ad536a9829d
2016-04-23 13:37:24.356169,RECV,dc7fb09cb0e737da774e6ad536a9829d
2016-04-23 13:37:24.430907,SEND,05939af203f91dda818aa5d5c0848e8e
2016-04-23 13:37:24.445255,RECV,05939af203f91dda818aa5d5c0848e8e
2016-04-23 13:37:24.489480,SEND,8013b04693f19d4aa4d3749ce7ff6e18
2016-04-23 13:37:24.491481,RECV,8013b04693f19d4aa4d3749ce7ff6e18
2016-04-23 13:37:24.536983,SEND,06b4d842ef36b7f3bc074dedc551258f
2016-04-23 13:37:24.567182,RECV,06b4d842ef36b7f3bc074dedc551258f
2016-04-23 13:37:24.628448,SEND,a42ffaf56026d5120fef446d2249e2ab
2016-04-23 13:37:24.709841,RECV,a42ffaf56026d5120fef446d2249e2ab
2016-04-23 13:37:24.874578,SEND,acceb9460fce300969305d0fb929b6f9
2016-04-23 13:37:24.888702,RECV,acceb9460fce300969305d0fb929b6f9
2016-04-23 13:37:25.010073,SEND,753778c90d4fc4dacda05190023446e6
2016-04-23 13:37:25.136848,RECV,753778c90d4fc4dacda05190023446e6
