2016-04-23 13:37:22.664195,SEND,c4cec28fdd5c82c30c34edb9ff6d1389
2016-04-23 13:37:22.719540,SEND,f25732e949a61bd634dbd2a741c45e7e
2016-04-23 13:37:23.052863,RECV,6cb26eaaca2f8e87115d374f287340a5
2016-04-23 13:37:23.129948,SEND,c1c40329c7305525b4e20f393100baeb
2016-04-23 13:37:23.343158,RECV,5b9267778d90247b4a370d15f67886b8
2016-04-23 13:37:23.767580,SEND,f2f87c6d3fb79b46d0e464baec72ffbe
2016-04-23 13:37:24.026840,RECV,734b7769c516d3499fbf7dd4f0dcdce1
2016-04-23 13:37:24.086898,SEND,91f6967d56295d68cf47d6c04963d714
2016-04-23 13:37:24.209320,RECV,d710b1e8613b8718aef376a6f5556d0a
2016-04-23 13:37:24.317243,SEND,14cbd3aad40115eb1f755a9fbc5f4f93
2016-04-23 13:37:24.407227,RECV,c9168b7f437d6b39495e1f5e7450e755
2016-04-23 13:37:24.513344,SEND,ce409c5f623efe0f070cfc7a379bf179
2016-04-23 13:37:24.604418,RECV,0bef3e173dc60c869887e161c41b1e79
2016-04-23 13:37:24.757575,SEND,9219453e79da04b189f02f1284f5b57d
2016-04-23 13:37:24.848661,RECV,8ac6af316bb9cb60be9e8fe0949d2131
2016-04-23 13:37:24.864372,SEND,78b473d0fea2b9d7e0472762e2397e6a
2016-04-23 13:37:24.939752,RECV,bf7ce0a6f7928488351ab1a8a0b6279d
2016-04-23 13:37:24.955794,SEND,7736574b8deec0b6b9a417a9dc97f4bb
