2016-04-23 13:37:22.639461,SEND,43d1475a5131fc70734ad98ab67cb993
2016-04-23 13:37:22.655301,SEND,96c5d473cb8be2b80be670abb27b82d9
2016-04-23 13:37:22.758714,RECV,43d1475a5131fc70734ad98ab67cb993
2016-04-23 13:37:23.092915,SEND,6d17c543dc1f791c254d7a0594bc7e13
2016-04-23 13:37:23.108579,RECV,6d17c543dc1f791c254d7a0594bc7e13
2016-04-23 13:37:23.172991,SEND,634072b62951b8a008747f78c7a95505
2016-04-23 13:37:23.264081,RECV,634072b62951b8a008747f78c7a95505
2016-04-23 13:37:23.553022,SEND,7b84221dc49527c609e05e49d153cfdf
2016-04-23 13:37:23.556370,RECV,7b84221dc49527c609e05e49d153cfdf
2016-04-23 13:37:23.616471,SEND,0067f66833b2d82e14853757b08c61b2
2016-04-23 13:37:23.644538,RECV,0067f66833b2d82e14853757b08c61b2
2016-04-23 13:37:23.873694,SEND,6fdccaaf850ab93e0ac3c2f03a5494a8
2016-04-23 13:37:23.876687,RECV,6fdccaaf850ab93e0ac3c2f03a5494a8
2016-04-23 13:37:23.998114,SEND,072ff77f105c8827ef46b617a32fc518
2016-04-23 13:37:24.012828,RECV,072ff77f105c8827ef46b617a32fc518
2016-04-23 13:37:24.195471,SEND,7ae1f90d1bc1734564b078a37e05ba53
2016-04-23 13:37:24.210712,RECV,7ae1f90d1bc1734564b078a37e05ba53
2016-04-23 13:37:24.256456,SEND,9bfbaad3da99c531edc20f21f7d70fc7
2016-04-23 13:37:24.271092,RECV,9bfbaad3da99c531edc20f21f7d70fc7
2016-04-23 13:37:24.513347,SEND,169d538673fbcf3a63e7657b6ce27fa2
2016-04-23 13:37:24.528509,RECV,169d538673fbcf3a63e7657b6ce27fa2
2016-04-23 13:37:24.589957,SEND,495e9ace608dcef3d19723b0dd7708d3
2016-04-23 13:37:24.604417,RECV,495e9ace608dcef3d19723b0dd7708d3
2016-04-23 13:37:24.875895,SEND,e10adfceb79b6dbc451cd8369715bc79
2016-04-23 13:37:24.938877,RECV,e10adfceb79b6dbc451cd8369715bc79
2016-04-23 13:37:24.999811,SEND,59bb7cbc592d9a8c911948b40f9307c2
2016-04-23 13:37:25.027590,RECV,59bb7cbc592d9a8c911948b40f9307c2
2016-04-23 13:48:47.578942,SEND,4efd00f9084c866db3bd597b94d02172
