2016-04-23 13:37:22.661394,SEND,bfebb66b443d6513f3b23107b35f57ef
2016-04-23 13:37:22.673489,RECV,bfebb66b443d6513f3b23107b35f57ef
2016-04-23 13:37:22.678681,SEND,4246615749619744f1ead148e1e60f54
2016-04-23 13:37:22.762862,SEND,6eab52163b24f77eaea97b8cc5b6778d
2016-04-23 13:37:22.781660,RECV,6eab52163b24f77eaea97b8cc5b6778d
2016-04-23 13:37:22.965427,SEND,479c8c3f33414744109dc27c4ad1239c
2016-04-23 13:37:22.991880,RECV,479c8c3f33414744109dc27c4ad1239c
2016-04-23 13:37:23.113936,SEND,2b2d40308074351b0c13793ea6022755
2016-04-23 13:37:23.148344,RECV,2b2d40308074351b0c13793ea6022755
2016-04-23 13:37:23.268826,SEND,187036fbf83e62e3424ebe0e3ae61a55
2016-04-23 13:37:23.298289,RECV,187036fbf83e62e3424ebe0e3ae61a55
2016-04-23 13:37:23.341534,SEND,76ea815b684e8d2b18bd8e4bb35d65fa
2016-04-23 13:37:23.360174,RECV,76ea815b684e8d2b18bd8e4bb35d65fa
2016-04-23 13:37:23.420141,SEND,507bb54ccdeb0c7c2263249340feb211
2016-04-23 13:37:23.450271,RECV,507bb54ccdeb0c7c2263249340feb211
2016-04-23 13:37:23.529132,SEND,c1fbf1a4b6481f56ee42cd829c4d8136
2016-04-23 13:37:23.577392,RECV,c1fbf1a4b6481f56ee42cd829c4d8136
2016-04-23 13:37:23.728244,SEND,ab8fa9999eaa638a38ffa37226579a88
2016-04-23 13:37:23.741537,RECV,ab8fa9999eaa638a38ffa37226579a88
2016-04-23 13:37:23.878503,SEND,b395d992d7efe6f8b2c0c34272b80a35
2016-04-23 13:37:23.880703,RECV,b395d992d7efe6f8b2c0c34272b80a35
2016-04-23 13:37:23.926746,SEND,d170e07da1e7f44971486f356f3afcff
2016-04-23 13:37:23.952053,RECV,d170e07da1e7f44971486f356f3afcff
2016-04-23 13:37:24.012827,SEND,bc2f6a934eb5cd24537fc79ecc9f2b71
2016-04-23 13:37:24.076457,RECV,bc2f6a934eb5cd24537fc79ecc9f2b71
2016-04-23 13:37:24.261073,SEND,6e0ed363b86f134dca01ac380f7f9dd9
2016-04-23 13:37:24.319010,RECV,6e0ed363b86f134dca01ac380f7f9dd9
2016-04-23 13:37:24.472310,SEND,0fd97c3351af9908cd1096472cec68e7
2016-04-23 13:37:24.475294,RECV,0fd97c3351af9908cd1096472cec68e7
2016-04-23 13:37:24.580391,SEND,3ad0fd60751e02199fb62436f2e1190b
2016-04-23 13:37:24.606874,RECV,3ad0fd60751e02199fb62436f2e1190b
2016-04-23 13:37:24.778597,SEND,e434fbea2836ef04e7a6edd80fd2127d
2016-04-23 13:37:24.797057,RECV,e434fbea2836ef04e7a6edd80fd2127d
2016-04-23 13:37:24.887708,SEND,16d1fcdd7fa9f1ea7e1dd1742e1a9071
2016-04-23 13:37:24.913555,RECV,16d1fcdd7fa9f1ea7e1dd1742e1a9071
2016-04-23 13:37:25.065877,SEND,6679f4ff90c670946092067930a5f159
2016-04-23 13:37:25.099913,RECV,6679f4ff90c670946092067930a5f159
