2016-04-23 13:37:22.651038,SEND,087a909cf8023b7b653a2a7e290b1c46
2016-04-23 13:37:22.754574,SEND,2b28751c8215856fb8cc93fcbff7c508
2016-04-23 13:37:22.827772,RECV,2b28751c8215856fb8cc93fcbff7c508
2016-04-23 13:37:22.861613,SEND,951f9a13036e4501dc7c07e428052ed3
2016-04-23 13:37:22.861902,RECV,951f9a13036e4501dc7c07e428052ed3
2016-04-23 13:37:22.997338,SEND,c7224eaeebd3c6f4303ec1fe36e66ffa
2016-04-23 13:37:23.011823,RECV,c7224eaeebd3c6f4303ec1fe36e66ffa
2016-04-23 13:37:23.055905,SEND,48b1306d511f893206d9c4ebfadfc9c0
2016-04-23 13:37:23.074220,RECV,48b1306d511f893206d9c4ebfadfc9c0
2016-04-23 13:37:23.133580,SEND,8097cba1fc88362171bbf47aa610b0e9
2016-04-23 13:37:23.147808,RECV,8097cba1fc88362171bbf47aa610b0e9
2016-04-23 13:37:23.179016,SEND,37dd4d932cf0a7004c21518dbcae5d73
2016-04-23 13:37:23.195615,RECV,37dd4d932cf0a7004c21518dbcae5d73
2016-04-23 13:37:23.301252,SEND,31a1631559814134f105a8a5fcc486db
2016-04-23 13:37:23.316130,RECV,31a1631559814134f105a8a5fcc486db
2016-04-23 13:37:23.346168,SEND,37770651d29fa29fa723f35ef3ced328
2016-04-23 13:37:23.348632,RECV,37770651d29fa29fa723f35ef3ced328
2016-04-23 13:37:23.422241,SEND,68b38fa1dc3237551bb4439bdcb53c3d
2016-04-23 13:37:23.450304,RECV,68b38fa1dc3237551bb4439bdcb53c3d
2016-04-23 13:37:23.481318,SEND,d93df46141a4ae31e08079b345aa2663
2016-04-23 13:37:23.498257,RECV,d93df46141a4ae31e08079b345aa2663
2016-04-23 13:37:23.696537,SEND,e458d9f3a60b18dbea425276fbceeb29
2016-04-23 13:37:23.710127,RECV,e458d9f3a60b18dbea425276fbceeb29
2016-04-23 13:37:23.754922,SEND,cc67b7120763f3b7ed519bbf49900ded
2016-04-23 13:37:23.772919,RECV,cc67b7120763f3b7ed519bbf49900ded
2016-04-23 13:37:23.893624,SEND,09f5c839a67640ad41d6ab74a0ab4aff
2016-04-23 13:37:23.908026,RECV,09f5c839a67640ad41d6ab74a0ab4aff
2016-04-23 13:37:23.998811,SEND,169b91d4e1ffe4a04c38e2727e68c837
2016-04-23 13:37:24.061149,RECV,169b91d4e1ffe4a04c38e2727e68c837
2016-04-23 13:37:24.232066,SEND,cacaa76541970e8aa6b2a448f091668d
2016-04-23 13:37:24.274086,RECV,cacaa76541970e8aa6b2a448f091668d
2016-04-23 13:37:24.349656,SEND,b15b092e3c72266f4e4fdbf52fe35be2
2016-04-23 13:37:24.369185,RECV,b15b092e3c72266f4e4fdbf52fe35be2
2016-04-23 13:37:24.459723,SEND,aa1894d58ab46012097fb35e3b042e03
2016-04-23 13:37:24.563119,RECV,aa1894d58ab46012097fb35e3b042e03
2016-04-23 13:37:24.852714,SEND,7086bf60c92a0f12ad6830996b020322
2016-04-23 13:37:24.856671,RECV,7086bf60c92a0f12ad6830996b020322
2016-04-23 13:37:25.084925,SEND,86eee9c4e7115d6871b0041ed5682cc0
2016-04-23 13:37:25.112449,RECV,86eee9c4e7115d6871b0041ed5682cc0
2016-04-23 13:37:25.233556,SEND,c9e783fe7f92bc1d02b244f373163dbc
2016-04-23 13:37:25.251070,RECV,c9e783fe7f92bc1d02b244f373163dbc
