2016-04-23 13:37:22.737146,SEND,644f8e0f1070b214254683d8b8d00254
2016-04-23 13:37:22.764580,RECV,5f5dc9d2ae17b96b958449ab02eba0ee
2016-04-23 13:37:22.765334,SEND,55b9dbfd6b49dd45eb1c89451bb5b8af
2016-04-23 13:37:22.976798,SEND,372df8f6d2c9e7f4aca18d2ff6a2d5a0
2016-04-23 13:37:23.220035,RECV,a10343a08251be5d769087a1c2dd7f93
2016-04-23 13:37:23.494600,SEND,bcbfdbb074f80f1ed30ed025f3bdeb78
2016-04-23 13:37:23.676177,RECV,b3d2ab4c8ebb6e068467b22e8789bfcd
2016-04-23 13:37:23.951831,SEND,3de171d6e5b971913c55b09a8ce95458
2016-04-23 13:37:24.086905,RECV,01723e8d2ab12565950bdd4b763fec73
2016-04-23 13:37:24.240061,SEND,3b61a1af540b30634408a76c4cf2de87
2016-04-23 13:37:24.728544,RECV,34a890dcc87c24795827b955d25312e6
2016-04-23 13:37:24.865686,SEND,70cc8ad96e9fd7c21be9b2e1d7ba499a
2016-04-23 13:37:24.986632,RECV,47f01799c5579a5f77c13c099f8da128
2016-04-23 13:37:25.280115,SEND,64ace531c952e293cccb56d32d440eff
