2016-04-23 13:37:22.645692,SEND,67ae6611032656bdee527453fde9a2a5
2016-04-23 13:37:22.689511,SEND,c9eb74ca18b0c2c93519dbf8cf1b0500
2016-04-23 13:37:22.716509,RECV,c9eb74ca18b0c2c93519dbf8cf1b0500
2016-04-23 13:37:22.751143,SEND,c6df2bf1a0bda79de52d0a5866d3cf0d
2016-04-23 13:37:22.764736,RECV,c6df2bf1a0bda79de52d0a5866d3cf0d
2016-04-23 13:37:22.963394,SEND,92afd6342a512d4e1512d6b1829615e1
2016-04-23 13:37:22.977794,RECV,92afd6342a512d4e1512d6b1829615e1
2016-04-23 13:37:23.036961,SEND,c4e9739804f9dd3d1c2a791e0e687884
2016-04-23 13:37:23.054048,RECV,c4e9739804f9dd3d1c2a791e0e687884
2016-04-23 13:37:23.129980,SEND,df6c74e4ab873c7a93100e10bed80f7a
2016-04-23 13:37:23.143956,RECV,df6c74e4ab873c7a93100e10bed80f7a
2016-04-23 13:37:23.266085,SEND,601e96c857aca4332b045d34aa4113df
2016-04-23 13:37:23.281731,RECV,601e96c857aca4332b045d34aa4113df
2016-04-23 13:37:23.314133,SEND,912e2dbdb22c41113b1c3ef7c36d50b9
2016-04-23 13:37:23.327145,RECV,912e2dbdb22c41113b1c3ef7c36d50b9
2016-04-23 13:37:23.387207,SEND,e22ed9103f22784ea6ad20539f4b2f7e
2016-04-23 13:37:23.389204,RECV,e22ed9103f22784ea6ad20539f4b2f7e
2016-04-23 13:37:23.539900,SEND,8a00220b29d5ddda773acca402ad09e8
2016-04-23 13:37:23.554368,RECV,8a00220b29d5ddda773acca402ad09e8
2016-04-23 13:37:23.676497,SEND,a62fae746187e1848836d39e5ec7e200
2016-04-23 13:37:23.691729,RECV,a62fae746187e1848836d39e5ec7e200
2016-04-23 13:37:23.836787,SEND,e549db94b78ecd633767f759fca85616
2016-04-23 13:37:23.842661,RECV,e549db94b78ecd633767f759fca85616
2016-04-23 13:37:23.872693,SEND,8cfd9a12664fb7eda731e7a09d31b336
2016-04-23 13:37:23.874694,RECV,8cfd9a12664fb7eda731e7a09d31b336
2016-04-23 13:37:23.920739,SEND,20d284dc0254d6d3736227e51e81004b
2016-04-23 13:37:23.933749,RECV,20d284dc0254d6d3736227e51e81004b
2016-04-23 13:37:23.994815,SEND,f4a9a64b7f0da577d8096ab0b8d98f5c
2016-04-23 13:37:23.996810,RECV,f4a9a64b7f0da577d8096ab0b8d98f5c
2016-04-23 13:37:24.164360,SEND,de11834e11c563b74d8d1cb6d38d46d0
2016-04-23 13:37:24.178165,RECV,de11834e11c563b74d8d1cb6d38d46d0
2016-04-23 13:37:24.209029,SEND,9fad8c1e4b9c2be4e829a6fa08133003
2016-04-23 13:37:24.224522,RECV,9fad8c1e4b9c2be4e829a6fa08133003
2016-04-23 13:37:24.241060,SEND,397b7387fed4a2b73a8f2152bfc4558f
2016-04-23 13:37:24.254120,RECV,397b7387fed4a2b73a8f2152bfc4558f
2016-04-23 13:37:24.314133,SEND,bb5adca112860a60f1f3b00363c78c2d
2016-04-23 13:37:24.316129,RECV,bb5adca112860a60f1f3b00363c78c2d
2016-04-23 13:37:24.375839,SEND,7af21ee3f47f558be817787df0ee6bd1
2016-04-23 13:37:24.390204,RECV,7af21ee3f47f558be817787df0ee6bd1
2016-04-23 13:37:24.449176,SEND,3009aa4b9215be0478338ec4e1cf1bb0
2016-04-23 13:37:24.452266,RECV,3009aa4b9215be0478338ec4e1cf1bb0
2016-04-23 13:37:24.498315,SEND,7c1c9550ef5130d7345272ec9a9f609f
2016-04-23 13:37:24.511327,RECV,7c1c9550ef5130d7345272ec9a9f609f
2016-04-23 13:37:24.572391,SEND,1fc31cb76624380b728d03ea50a9288e
2016-04-23 13:37:24.587673,RECV,1fc31cb76624380b728d03ea50a9288e
2016-04-23 13:37:24.619446,SEND,72f3f9e6fec72e9ba18777786b8ddedc
2016-04-23 13:37:24.632446,RECV,72f3f9e6fec72e9ba18777786b8ddedc
2016-04-23 13:37:24.739558,SEND,688e61827077bc3ec016e5cd16c89801
2016-04-23 13:37:24.741904,RECV,688e61827077bc3ec016e5cd16c89801
2016-04-23 13:37:24.832658,SEND,6372548798a0ada99a0907d4da2c6832
2016-04-23 13:37:24.845881,RECV,6372548798a0ada99a0907d4da2c6832
2016-04-23 13:37:25.029132,SEND,946f1f6d37b49933f2218be93a5ba8ef
2016-04-23 13:37:25.030860,RECV,946f1f6d37b49933f2218be93a5ba8ef
2016-04-23 13:37:25.229045,SEND,865bff2b48268cfb1f88bf4d1e1c0b47
2016-04-23 13:37:25.256168,RECV,865bff2b48268cfb1f88bf4d1e1c0b47
2016-04-23 13:48:47.043711,SEND,68759e7fcb8e58a9d7062a8c7da502d2
