2016-04-23 13:37:22.665223,SEND,0725f2fdf3978936bab341b80b29c4bb
2016-04-23 13:37:22.677686,RECV,0725f2fdf3978936bab341b80b29c4bb
2016-04-23 13:37:22.710530,SEND,92fd86f4b4558d048eed41f71dd2cc17
2016-04-23 13:37:22.857678,SEND,54f46427bb7f2b85fd2c859fa9f42191
2016-04-23 13:37:22.860122,RECV,54f46427bb7f2b85fd2c859fa9f42191
2016-04-23 13:37:22.996827,SEND,3e4414bfb3c839509669a6364933704c
2016-04-23 13:37:23.023553,RECV,3e4414bfb3c839509669a6364933704c
2016-04-23 13:37:23.193009,RECV,46250e41711c72139881d33c9d24c02f
2016-04-23 13:37:23.204744,SEND,46250e41711c72139881d33c9d24c02f
2016-04-23 13:37:23.237556,SEND,04a49256167ed070df5ca6e04c185636
2016-04-23 13:37:23.312082,RECV,04a49256167ed070df5ca6e04c185636
2016-04-23 13:37:23.330585,SEND,2ac580ce96b93e699803a5a05808a42b
2016-04-23 13:37:23.330146,RECV,2ac580ce96b93e699803a5a05808a42b
2016-04-23 13:37:23.414048,SEND,2132e9c0c13c03e21367835522f883c0
2016-04-23 13:37:23.433468,RECV,2132e9c0c13c03e21367835522f883c0
2016-04-23 13:37:23.493313,SEND,b7af2043cc73bac5033d749acac4dae5
2016-04-23 13:37:23.555287,RECV,b7af2043cc73bac5033d749acac4dae5
2016-04-23 13:37:23.691521,SEND,8fac56a53f69c2b40dd026dc3c9510d5
2016-04-23 13:37:23.719723,RECV,8fac56a53f69c2b40dd026dc3c9510d5
2016-04-23 13:37:23.841654,SEND,05e2a865696c50d139af81dd4cda7801
2016-04-23 13:37:23.844646,RECV,05e2a865696c50d139af81dd4cda7801
2016-04-23 13:37:23.964229,SEND,25237d96b577deb6112d1d9d75f57b47
2016-04-23 13:37:23.978797,RECV,25237d96b577deb6112d1d9d75f57b47
2016-04-23 13:37:24.008829,SEND,fd2e6a9f27ce899692d5d40048685e31
2016-04-23 13:37:24.010826,RECV,fd2e6a9f27ce899692d5d40048685e31
2016-04-23 13:37:24.085898,SEND,6e0310f60be1293bb0a8112b731782d5
2016-04-23 13:37:24.100914,RECV,6e0310f60be1293bb0a8112b731782d5
2016-04-23 13:37:52.203163,SEND,a59778fc0e34dec2c2253d76811d8a3f
2016-04-23 13:37:24.404213,RECV,a59778fc0e34dec2c2253d76811d8a3f
2016-04-23 13:37:24.540316,SEND,667b8d47a9fca357cef3d42c995d51fe
2016-04-23 13:37:24.569013,RECV,667b8d47a9fca357cef3d42c995d51fe
2016-04-23 13:37:24.616451,SEND,3ed78e763d3073fe3290a405ca73c4b3
2016-04-23 13:37:24.618433,RECV,3ed78e763d3073fe3290a405ca73c4b3
2016-04-23 13:37:24.770599,SEND,bd0afa89e86cf8285d3263a3e99f4a62
2016-04-23 13:37:24.784597,RECV,bd0afa89e86cf8285d3263a3e99f4a62
2016-04-23 13:37:24.904723,SEND,1b7615c0345b98f48cdb4b53ad8e7037
2016-04-23 13:37:24.936905,RECV,1b7615c0345b98f48cdb4b53ad8e7037
2016-04-23 13:37:24.998816,SEND,7859612d4fe0daddb2c347a238d853c4
2016-04-23 13:37:25.011828,RECV,7859612d4fe0daddb2c347a238d853c4
2016-04-23 13:37:25.088777,SEND,9f2e4eb1926e6cbdec653d5379476e50
2016-04-23 13:37:25.089909,RECV,9f2e4eb1926e6cbdec653d5379476e50
