2016-04-23 13:37:22.817084,SEND,5608358807b2867d77fd26795f69cfde
2016-04-23 13:37:22.828647,RECV,5608358807b2867d77fd26795f69cfde
2016-04-23 13:37:22.934821,SEND,531ea5f62d08e2f9abf11a0718f1e7f1
2016-04-23 13:37:22.937753,RECV,531ea5f62d08e2f9abf11a0718f1e7f1
2016-04-23 13:37:23.105919,SEND,ca157e0d0e9ba5e45b99f23856a747bc
2016-04-23 13:37:23.146010,RECV,ca157e0d0e9ba5e45b99f23856a747bc
2016-04-23 13:37:23.224046,SEND,6c68ad031d6b34aef21d209710a52514
2016-04-23 13:37:23.228041,RECV,6c68ad031d6b34aef21d209710a52514
2016-04-23 13:37:23.426251,SEND,5f490b09f059d0b4d3b1ee25941c08d1
2016-04-23 13:37:23.450894,RECV,5f490b09f059d0b4d3b1ee25941c08d1
2016-04-23 13:37:23.544365,SEND,be576efd72b984a017be9797b9b49a51
2016-04-23 13:37:23.548363,RECV,be576efd72b984a017be9797b9b49a51
2016-04-23 13:37:24.019527,SEND,886ce1b92ce1b1c6c81673602d1260ff
2016-04-23 13:37:24.044858,RECV,886ce1b92ce1b1c6c81673602d1260ff
2016-04-23 13:37:24.240969,SEND,2b6dfdbe5824087636ce01d886476c23
2016-04-23 13:37:24.247060,RECV,2b6dfdbe5824087636ce01d886476c23
2016-04-23 13:37:24.419700,SEND,4a6ef0e94e793355e415070ffd0c36b4
2016-04-23 13:37:24.409089,RECV,4a6ef0e94e793355e415070ffd0c36b4
2016-04-23 13:37:24.544824,SEND,44b2779cd91ea3994f39a26c8e0de0c6
2016-04-23 13:37:24.549422,RECV,44b2779cd91ea3994f39a26c8e0de0c6
2016-04-23 13:37:24.627439,SEND,edc67bb5906e7a069d5f7acd3be5177b
2016-04-23 13:37:24.684366,RECV,edc67bb5906e7a069d5f7acd3be5177b
2016-04-23 13:37:24.887700,RECV,3732019127bda2bf08633b694b22259c
2016-04-23 13:37:24.944850,SEND,3732019127bda2bf08633b694b22259c
2016-04-23 13:37:24.949761,SEND,aa856a483a162164ebb39c493170c7f2
2016-04-23 13:37:24.961202,RECV,aa856a483a162164ebb39c493170c7f2
2016-04-23 13:37:25.099065,SEND,c7dabe8d18406d5d29f7431b4895491a
2016-04-23 13:37:25.103915,RECV,c7dabe8d18406d5d29f7431b4895491a
