2016-04-23 13:37:22.653506,SEND,b4c99bace37ef192d4f4d0953c34eddd
2016-04-23 13:37:22.653640,SEND,fc6455da4d24bd5b5fc0abd7ea8f4f90
2016-04-23 13:37:22.695168,RECV,b4c99bace37ef192d4f4d0953c34eddd
2016-04-23 13:37:22.740315,SEND,61011935f9e588e1cc938cacb9a156a1
2016-04-23 13:37:22.758227,RECV,61011935f9e588e1cc938cacb9a156a1
2016-04-23 13:37:22.789023,SEND,fec3a83ab5dc523f8fc7fb2c78402c9b
2016-04-23 13:37:22.801616,RECV,fec3a83ab5dc523f8fc7fb2c78402c9b
2016-04-23 13:37:22.877696,SEND,3763bfd934ddddf38baafc3ba9785233
2016-04-23 13:37:22.954920,RECV,3763bfd934ddddf38baafc3ba9785233
2016-04-23 13:37:23.000220,SEND,2410cbc2fc97bef64927d8eba7bcd058
2016-04-23 13:37:23.014831,RECV,2410cbc2fc97bef64927d8eba7bcd058
2016-04-23 13:37:23.059880,SEND,1597f86e355ae8bcefec6d4bdb6750f0
2016-04-23 13:37:23.075451,RECV,1597f86e355ae8bcefec6d4bdb6750f0
2016-04-23 13:37:23.106841,SEND,c195f9072fba480ddb9dcc06b977b235
2016-04-23 13:37:23.119938,RECV,c195f9072fba480ddb9dcc06b977b235
2016-04-23 13:37:23.240061,SEND,a39e58190753e1933345f2d6517322b9
2016-04-23 13:37:23.258289,RECV,a39e58190753e1933345f2d6517322b9
2016-04-23 13:37:23.290468,SEND,57be9a56a12f1bb8fe842c4496b9e39b
2016-04-23 13:37:23.303121,RECV,57be9a56a12f1bb8fe842c4496b9e39b
2016-04-23 13:37:23.364184,SEND,0e64587eee5ad5d48c0d0d2f8e78d19d
2016-04-23 13:37:23.379488,RECV,0e64587eee5ad5d48c0d0d2f8e78d19d
2016-04-23 13:37:23.455886,SEND,dc1b923106373970b35a74dd4442f384
2016-04-23 13:37:23.470285,RECV,dc1b923106373970b35a74dd4442f384
2016-04-23 13:37:23.728561,SEND,03057e170676db21a5f33b29f8bcc93d
2016-04-23 13:37:23.807195,RECV,03057e170676db21a5f33b29f8bcc93d
2016-04-23 13:37:24.140751,SEND,fd448cc75e7dea8b60b865205bbe6c5c
2016-04-23 13:37:24.169732,RECV,fd448cc75e7dea8b60b865205bbe6c5c
2016-04-23 13:37:24.247001,SEND,1e514426d5f20ea70216cdd25c5aad39
2016-04-23 13:37:24.250063,RECV,1e514426d5f20ea70216cdd25c5aad39
2016-04-23 13:37:24.355056,SEND,33aec948d685f854ee5486cdaa5f2ce8
2016-04-23 13:37:24.383178,RECV,33aec948d685f854ee5486cdaa5f2ce8
2016-04-23 13:37:24.505204,SEND,24d54113511bf6760f7f6f6d4bcff8ff
2016-04-23 13:37:24.522705,RECV,24d54113511bf6760f7f6f6d4bcff8ff
2016-04-23 13:37:24.631047,SEND,e045915a77e797c7b23f39a0be14caeb
2016-04-23 13:37:24.659048,RECV,e045915a77e797c7b23f39a0be14caeb
2016-04-23 13:37:24.825637,SEND,ad91dbfc9b8eeab1448f43b209c236f1
2016-04-23 13:37:24.828648,RECV,ad91dbfc9b8eeab1448f43b209c236f1
2016-04-23 13:37:24.949775,SEND,dfb8f5d870c5ad92e14b776b42e3d6b2
2016-04-23 13:37:25.022836,RECV,dfb8f5d870c5ad92e14b776b42e3d6b2
2016-04-23 13:37:25.386713,SEND,8d09e7ac76150090755ab5951e45cbd7
2016-04-23 13:37:25.390203,RECV,8d09e7ac76150090755ab5951e45cbd7
