2016-04-23 13:37:22.669490,SEND,d090c506aa11c40642538bc94362c506
2016-04-23 13:37:22.719938,SEND,d5070c03faca2d2e19684356fc9962b1
2016-04-23 13:37:22.905507,RECV,1d26d3889cfd7241c99185ef593bec1c
2016-04-23 13:37:23.011831,SEND,a0d2948df0f7874b16db91ba0860dd16
2016-04-23 13:37:23.104919,RECV,da6ca63626542183993fe165bea153b0
2016-04-23 13:37:23.208984,SEND,2063bef3bd4217c2b6644a7c6c1e0dc0
2016-04-23 13:37:23.450175,RECV,12bd9779e086b0d7e0d086dbdea6306f
2016-04-23 13:37:23.528359,SEND,df3995f050248a3906e8d6d2aa861b8c
2016-04-23 13:37:23.604419,RECV,33fd55cce32536c66d5899edd4554a17
2016-04-23 13:37:23.649607,SEND,cca79e489b0488f310ff384a00e7583b
2016-04-23 13:37:23.754569,RECV,3bf101b165c11a6ae2ac90403ed87cd9
2016-04-23 13:37:23.891717,SEND,d2ed915ba4d08cd2986102d5a9798593
2016-04-23 13:37:24.043630,RECV,fb992b376a524dbbcb28e96fb6305a94
2016-04-23 13:37:24.151287,SEND,455ddab68790391af96af3d888f8747c
2016-04-23 13:37:24.317352,RECV,1fd39114e4fd8b4fcabc1ef1208ce224
2016-04-23 13:37:24.423249,SEND,91f5fc61756e8c8a4974f6c1c28e0ebb
2016-04-23 13:37:24.698471,RECV,2de45209568850a7fc79faedd5a499fd
2016-04-23 13:37:24.745565,SEND,2277e41985b2fc0cf2bb8e01e1d16ba9
2016-04-23 13:37:24.880699,RECV,2c8fdfed3848105a2fd0963eebb9aaa6
2016-04-23 13:37:24.926746,SEND,c6aa88b75c66a40bcd05a16f51299183
2016-04-23 13:37:25.459266,RECV,0bc467499a4a6d565fbd0b721bf8030a
2016-04-23 13:48:47.219070,SEND,9a046497cae0d0fd014af33b0b5d4f1e
