Mean delay : 0.0221491787365
Std dev    : 0.0455114431086
Bin[0] = 172
Bin[1] = 253
Bin[2] = 78
Bin[3] = 28
Bin[4] = 25
Bin[5] = 15
Bin[6] = 10
Bin[7] = 3
Bin[8] = 3
Bin[9] = 1
Bin[10] = 18
Total packets  : 18
Total neg packets : 47
total_outlierpackets : 4
