Mean delay : 0.0112535928793
Std dev    : 0.0077912096511
Bin[0] = 2009
Bin[1] = 1987
Bin[2] = 262
Bin[3] = 99
Bin[4] = 18
Bin[5] = 7
Bin[6] = 0
Bin[7] = 0
Bin[8] = 0
Bin[9] = 1
Bin[10] = 10
Total packets  : 10
Total neg packets : 149
total_outlierpackets : 20
