Mean delay : 0.0118838532609
Std dev    : 0.0100590902274
Bin[0] = 77
Bin[1] = 93
Bin[2] = 9
Bin[3] = 1
Bin[4] = 2
Bin[5] = 0
Bin[6] = 0
Bin[7] = 0
Bin[8] = 0
Bin[9] = 0
Bin[10] = 2
Total packets  : 184
Total neg packets : 1
total_outlierpackets : 1
