Mean delay : 0.0551597325103
Std dev    : 0.0844428570963
Bin[0] = 37
Bin[1] = 56
Bin[2] = 35
Bin[3] = 19
Bin[4] = 8
Bin[5] = 8
Bin[6] = 8
Bin[7] = 7
Bin[8] = 9
Bin[9] = 3
Bin[10] = 48
Total packets  : 48
Total neg packets : 16
total_outlierpackets : 11
