Mean delay : 0.0292442966321
Std dev    : 0.0408024086032
Bin[0] = 171
Bin[1] = 232
Bin[2] = 151
Bin[3] = 67
Bin[4] = 35
Bin[5] = 21
Bin[6] = 19
Bin[7] = 12
Bin[8] = 9
Bin[9] = 7
Bin[10] = 36
Total packets  : 36
Total neg packets : 16
total_outlierpackets : 4
