Mean delay : 0.020780262069
Std dev    : 0.0449712077275
Bin[0] = 45
Bin[1] = 65
Bin[2] = 19
Bin[3] = 5
Bin[4] = 3
Bin[5] = 1
Bin[6] = 0
Bin[7] = 1
Bin[8] = 0
Bin[9] = 0
Bin[10] = 4
Total packets  : 4
Total neg packets : 2
total_outlierpackets : 0
