Mean delay : 0.0257335641026
Std dev    : 0.0548572788062
Bin[0] = 45
Bin[1] = 52
Bin[2] = 6
Bin[3] = 3
Bin[4] = 1
Bin[5] = 1
Bin[6] = 0
Bin[7] = 0
Bin[8] = 1
Bin[9] = 0
Bin[10] = 7
Total packets  : 7
Total neg packets : 1
total_outlierpackets : 0
