2016-04-26 11:50:07.222532,RECV,6ca9d682b1af4292d09b3cbe372e6031
2016-04-26 11:50:07.248794,SEND,3c576fd31a28755b8e259b12a36ed2ed
2016-04-26 11:50:07.277585,RECV,24bf38c008ef42b4f9a89b0ea26ea291
2016-04-26 11:50:07.295611,SEND,70bdb9e71157b1bb0d95800540bd0a1f
2016-04-26 11:50:07.340648,RECV,7b821905a86c312f58fa353d6ebd44bd
2016-04-26 11:50:07.376688,SEND,6ef76d59731793070c229a54563e82db
2016-04-26 11:50:07.420350,RECV,aed72f4d3d655ba0647dccfc85ce0ff1
2016-04-26 11:50:07.430745,SEND,2eb1367124dbbf367f895e01cb5e1da0
2016-04-26 11:50:07.510668,RECV,55c739636da6f2e91ec4693113eb8cb7
2016-04-26 11:50:07.520835,SEND,e49c6eed927cd1fe117f11e0f3fc4200
2016-04-26 11:50:07.556867,RECV,65cd46bd17a14ee2734abc915694c473
2016-04-26 11:50:07.566104,SEND,894a20fded1ab546dc1bd5c6b80a6e5e
2016-04-26 11:50:07.600915,RECV,08cc4162a58f6e796d30739642c6d01a
2016-04-26 11:50:07.611927,SEND,ef59760d8feab948320ec92d8c4d1e87
2016-04-26 11:50:07.638943,RECV,51d7c284ad005e2e9b6e63317b740007
2016-04-26 11:50:07.683996,SEND,e8e23852fe8f05b0aa8e6b4f308db430
2016-04-26 11:50:07.747057,RECV,a779d230cf77ddb2d1cb939163ba209a
2016-04-26 11:50:07.765075,SEND,346ee9e0c64aceefbac487a4db471dca
2016-04-26 11:50:07.837143,RECV,5439113a36cb20de62366f3c2592538f
2016-04-26 11:50:07.853855,SEND,8d84320de9235e9c4c590ee9f5ecc28c
2016-04-26 11:50:07.900206,RECV,0848d37dbc6f97f636c628658eb2fa8c
2016-04-26 11:50:07.917056,SEND,49571d0fb61764f2e786a86be9042db1
2016-04-26 11:50:07.945206,RECV,524c9e1b7a26db4b00927c804eba0d87
2016-04-26 11:50:07.962206,SEND,17874718cb7d089b61d0dfa94230f95d
2016-04-26 11:50:07.990296,RECV,aefeffcca0cbb7efabb0d66d8ae81217
2016-04-26 11:50:08.009325,SEND,982ea0ed0b03e9d89ffe1fbdea4011f1
2016-04-26 11:50:08.054361,RECV,7ff1275580f76be8cc8d11172b641f4f
2016-04-26 11:50:08.063374,SEND,06ce3a8031d492998ba18d42628f388c
2016-04-26 11:50:08.126432,RECV,2d3654a77d8b9f90b7b44da3ab5f897a
2016-04-26 11:50:08.162473,SEND,13b2dec1f14513b494f6f2858c4b77c2
2016-04-26 11:50:08.216528,RECV,c99b0ce55a481789f93d4c2e88a51bdc
2016-04-26 11:50:08.252563,SEND,d8d3ac4e747c97c72cd5cc7c0cf56d13
2016-04-26 11:50:08.288596,RECV,b8fb6e990fb43e70c58a6a52c947ab1b
2016-04-26 11:50:08.305250,SEND,f063fecfb3dda1278edab772f1886059
2016-04-26 11:50:08.333638,RECV,d3630d0816d668ad531e2de8018d9263
2016-04-26 11:50:08.368425,SEND,0ab2c8bf0299cadb34743e54e344efd5
2016-04-26 11:50:08.431614,RECV,3b4272383449ac61c51dde8b22ec27cf
2016-04-26 11:50:08.458700,SEND,91c5e7da6c0ebea9f390c2ce55692872
2016-04-26 11:50:08.494803,RECV,37d022f9bf165a94cc178abc839af42d
2016-04-26 11:50:08.532844,SEND,3dd025a4eb5e6dd0d93feb7bb7ac0d4b
2016-04-26 11:50:08.559871,RECV,674c2bdff903675094cebdc2bcec70f0
2016-04-26 11:50:08.577890,SEND,49c484ce3eea2eaba9951f61ea1d645f
2016-04-26 11:50:08.622929,RECV,cef60fcdce75cddcec6091191cc9a8fc
2016-04-26 11:50:08.631944,SEND,015c0b4230ac0f2070f5b6112c0b3158
2016-04-26 11:50:08.667973,RECV,59dd3048ff8b9b64f68b660819167779
2016-04-26 11:50:08.704017,SEND,1078f4d79d60e974d47eea83a15f7a72
2016-04-26 11:50:08.803111,RECV,10e3d96d7b4fd37dfd0eb55067e10248
2016-04-26 11:50:08.831155,SEND,489f590b6af0852cdff02cf1a1455247
2016-04-26 11:50:08.867187,RECV,2937108fd105249c07ec0c934a0a9d4d
2016-04-26 11:50:08.885216,SEND,04901c5a3fb9ea2528822a8a02874c24
2016-04-26 11:50:08.939241,RECV,e704b1786c406758610e92750444d1d1
2016-04-26 11:50:08.957270,SEND,a1e94ef2d66a2f546d140522c0eb2431
2016-04-26 11:50:09.011316,RECV,686038ad34fb755f75149ceec1ff43c2
2016-04-26 11:50:09.028343,SEND,6f64f00798817d89cd68ad567bf2cde5
2016-04-26 11:50:09.074380,RECV,868c3b2d23a469b898cf1652fdd46f1e
2016-04-26 11:50:09.119136,SEND,9af56c4c92801230fb40d86be4956b7e
2016-04-26 11:50:09.182489,RECV,f8e8006509c97ca86b4feae0dd25a2d6
2016-04-26 11:50:09.199413,SEND,61b1eb5689521b28ae2d1149392662e1
2016-04-26 11:50:09.244544,RECV,f57086e9fee0e21b09e621c15b9f7051
2016-04-26 11:50:09.255565,SEND,71cb6228d75c7db312b3acd55094fb1f
2016-04-26 11:50:09.282588,RECV,e5e84bd8eef34076cc694a7f1067f11f
2016-04-26 11:50:09.300614,SEND,2608c30c126eadd1b0ca1d1cf7045c52
2016-04-26 11:50:09.345653,RECV,a0f1b0b3c175a986bd2e968ae77c38e4
2016-04-26 11:50:09.363675,SEND,7a688de3ff507564ab26832597aa6bc9
2016-04-26 11:50:09.425713,RECV,e4f4b37db13a68b09346bac3b9c93acf
2016-04-26 11:50:09.444484,SEND,a361f7956521f3be8ccc9e5e8c18be17
2016-04-26 11:50:09.480786,RECV,2d512aa3d817d35ba9fc7e8809ade222
2016-04-26 11:50:09.498269,SEND,ee6e0149f28e861b1cae8a167bc4960b
2016-04-26 11:50:09.542398,RECV,61d4c89bae969ded984ff65eb46e7602
2016-04-26 11:50:09.552864,SEND,dfc8d026a4239865351923714180ecad
2016-04-26 11:50:09.588899,RECV,991fb41c662673824dfc0820a4dd6145
2016-04-26 11:50:09.606918,SEND,dadb69dbf83603c1d004ab2b795bae8d
2016-04-26 11:50:09.660970,RECV,3c296505d9a9b3820a5820d932693618
2016-04-26 11:50:09.677812,SEND,0f0bfef4ec88f85ed1c21fc9b2d9d8dc
2016-04-26 11:50:09.706013,RECV,632c21cdbead83872d4c5688c86573cf
2016-04-26 11:50:09.741023,SEND,efe829f40a1fa32bbba91d5933fa2d15
2016-04-26 11:50:09.813231,RECV,45fc3b25d7d4d4f7799ae55f6bfd7493
2016-04-26 11:50:09.833143,SEND,365a62b3c0e75bc252f443560046ca7b
