2016-04-26 11:50:07.176487,SEND,a357642cd54a2a51e45806453d688830
2016-04-26 11:50:07.206514,RECV,c31a41faf0638ebadc4ad354fa89a06b
2016-04-26 11:50:07.247727,SEND,f1c10c08caca397be01b93ff33e0650b
2016-04-26 11:50:07.251563,SEND,1744cedb1ee12cc5b55046e8481bd368
2016-04-26 11:50:07.256740,RECV,265b927adb9266de23d9b9fde212ca35
2016-04-26 11:50:07.294601,RECV,e53fd29e6294954ac7d3c11c7315ff95
2016-04-26 11:50:07.301862,SEND,6b679dd9e82a40b14582a66ba56f2c7c
2016-04-26 11:50:07.311621,RECV,5afe3c02fd96660fa379de0422665677
2016-04-26 11:50:07.322914,SEND,269eaed13c67adfbeed9bf2e16c4af76
2016-04-26 11:50:07.356671,SEND,ae0b12117c26c48754f89b212892a4b8
2016-04-26 11:50:07.363671,RECV,12924a54e573e0011fb69e364cb08315
2016-04-26 11:50:07.369066,RECV,069dde1c241323cb964a5f0c5b485862
2016-04-26 11:50:07.378691,SEND,ae308806ee316b8510f7ceff22c00192
2016-04-26 11:50:07.384695,SEND,c0599354e46882e3093fc2c24360b15b
2016-04-26 11:50:07.401710,RECV,95dc159fd0d92a6a55a1c534b3c6024d
2016-04-26 11:50:07.429736,RECV,0e93d3282bb2bfab30146e5826b24318
2016-04-26 11:50:07.431740,SEND,8942db8f87cba3446015d0531cc23e14
2016-04-26 11:50:07.444763,SEND,8c0db6e2a2da86afe66977710c175fe5
2016-04-26 11:50:07.482357,RECV,15eef1202a61e0f737ffcb6d22366c0b
2016-04-26 11:50:07.489798,RECV,7e6b2683cd5ccdce5cf6009d81041cc1
2016-04-26 11:50:07.498817,SEND,65b8ef27acff89051ec8fdbd3944d50e
2016-04-26 11:50:07.518488,SEND,6cc8d1bb6d11dcf5e67f732e52d75b10
2016-04-26 11:50:07.520488,RECV,9f667f7bd7763b7686fd2a3f095dbabc
2016-04-26 11:50:07.536847,SEND,63515f0bc0ee4ed77f3875bc59d366cd
2016-04-26 11:50:07.564871,RECV,84fc9ff6433f6b2c5c631ad188b5044d
2016-04-26 11:50:07.581888,RECV,771e246eba8cc5468fbda9c376ca5e68
2016-04-26 11:50:07.593686,SEND,3ac4f760c023ee01096b05e8984d5cca
2016-04-26 11:50:07.602717,RECV,e5aad5a14167cb8def911f9ba323252c
2016-04-26 11:50:07.610748,SEND,82aa84ca98a91b57049e33fc238764a6
2016-04-26 11:50:07.639948,RECV,703519b5bffe8dfe888314dd376e9797
2016-04-26 11:50:07.669980,SEND,272654c6ed695989b7c24f741fe4a831
2016-04-26 11:50:07.671981,RECV,1f9205b60443214eb9a2ce6130c02847
2016-04-26 11:50:07.694003,SEND,f62d408011a89b06ca1caa82945cd707
2016-04-26 11:50:07.702013,SEND,c629ab677187e95628cec5a9034d65bd
2016-04-26 11:50:07.716025,RECV,bb38acc1c1625f17ff97d05349cdaef6
2016-04-26 11:50:07.755062,RECV,500d0e39faead9169217ea7a9afaeca0
2016-04-26 11:50:07.760072,SEND,c2813e413c7eae728a404330b9cad52b
2016-04-26 11:50:07.763071,RECV,db09646daf391467ee37bc371de03655
2016-04-26 11:50:07.800108,SEND,fcce03bc8a40de3ecc804e2bffd3ee1c
2016-04-26 11:50:07.806112,RECV,b7875e0708c384a4a3c9e860809b063c
2016-04-26 11:50:07.823133,SEND,08da119072fc3f93aded34154858e90c
2016-04-26 11:50:07.834870,SEND,eaa6bd35f38142bb3ab344b34d879db5
2016-04-26 11:50:07.845155,RECV,5650b47634a463629ac4c893b8cff9e9
2016-04-26 11:50:07.860173,SEND,03fc144303d0b01592e82715a9b056d0
2016-04-26 11:50:07.868176,RECV,3fa710511af7edaadc1733cfcb01452e
2016-04-26 11:50:07.896202,RECV,efe0c09d8b6629dd8505f9ff9e06eaf8
2016-04-26 11:50:07.898209,SEND,eb2403956eb8271ca0ed083872ff8af0
2016-04-26 11:50:07.905212,RECV,01afca4a6fb08425552f50e5eace95e3
2016-04-26 11:50:07.950261,SEND,e34348bf0caf5d442cd1e6b1ae2a7fb6
2016-04-26 11:50:07.972301,SEND,0c5a169473e4698aaaf372421fce262e
2016-04-26 11:50:07.987325,RECV,e3d9602b5572be4f7876e82922ce4366
2016-04-26 11:50:07.996301,RECV,f90c63572666d0fb3997c3d36c05e4f1
2016-04-26 11:50:08.017413,RECV,97cfa30d4b6a40a4cdbee79974c31862
2016-04-26 11:50:08.019330,SEND,13c30cd4fe904851c3f2529cf739e243
2016-04-26 11:50:08.024422,SEND,ad903046034bc5d3725e595e83aea635
2016-04-26 11:50:08.034357,SEND,1b41e69c88e0faa2e10eaef01e6e536c
2016-04-26 11:50:08.079386,RECV,0f47caba704c3ea7d760cb6e441e2144
2016-04-26 11:50:08.086395,RECV,933b1564de41c3e276c3a039690dcf58
2016-04-26 11:50:08.105634,RECV,feac2a267e439a93179f43fceb8ee4f8
2016-04-26 11:50:08.109417,SEND,ad889e0c55869b38f9e9652f7203c9c8
2016-04-26 11:50:08.114666,SEND,543a319a96431c2f84742c3e946c255c
2016-04-26 11:50:08.153462,SEND,86c463fb4cf6c9cf1c18bd34f02684a4
2016-04-26 11:50:08.162172,RECV,ed6a865c0a0d948bf5311f25f3e2141d
2016-04-26 11:50:08.177488,SEND,f524fefb779b6d881c8edb60308daef5
2016-04-26 11:50:08.185448,RECV,22302faf47e8c3794d079f6d423f59ad
2016-04-26 11:50:08.213520,RECV,ac4c506256ac7abe47391cc4ce7bbc35
2016-04-26 11:50:08.215526,SEND,174b08ba4549ff0cbb9918a852f544ee
2016-04-26 11:50:08.222530,RECV,c19364cf920c3024097f6a3041f14e34
2016-04-26 11:50:08.241804,SEND,07482fdbc95b10badfb2a688668d6a6a
2016-04-26 11:50:08.250834,SEND,1cc0b3c9f99f7e7095f04086207ac4c7
2016-04-26 11:50:08.275580,RECV,360933c924e44a6d60ebd00603ade8eb
2016-04-26 11:50:08.286922,RECV,619705cc0779ba2340398a209e4172b4
2016-04-26 11:50:08.312618,RECV,b65350618d28c4988b3e9eb367dbe4a7
2016-04-26 11:50:08.332070,SEND,aee7b401211224cc736b761f0f52229c
2016-04-26 11:50:08.335646,SEND,c51f401a957f8ba818d5075ad49c5732
2016-04-26 11:50:08.341092,SEND,75d0576186d30564da8395dfab541c8d
2016-04-26 11:50:08.378685,RECV,5afc4aaf3df7957424b023e4f142e580
2016-04-26 11:50:08.379199,RECV,e362a340f7b1cb7fd082953def6babc3
2016-04-26 11:50:08.387693,RECV,cb6d5bed677db9619bb2856b0d6e9324
2016-04-26 11:50:08.422313,SEND,0015b209d937da611833dd8418970d16
2016-04-26 11:50:08.425736,SEND,0cd399f0c9f44fce8fc2674bcab1955e
2016-04-26 11:50:08.431334,SEND,78ac906c7725a7174c4cc5c0ce8ffbc0
2016-04-26 11:50:08.453758,RECV,2bc6597e432c3b33aed745d6f37920e7
2016-04-26 11:50:08.468779,SEND,e54a6ca750149da4e0e3f2431fbc4d68
2016-04-26 11:50:08.477490,RECV,1c39eb02cd3f253cd6e25eeb47f4e6bf
2016-04-26 11:50:08.485791,RECV,47048e0c8509f6f6a55732c4f1a62748
2016-04-26 11:50:08.513820,RECV,9a34875f23fa7d1faa148cff4b1fa6fd
2016-04-26 11:50:08.515821,SEND,07b19f7646120af66f16c84e55a3945a
2016-04-26 11:50:08.521617,SEND,9ffb563c9662bfdbfdc089e753aeb907
2016-04-26 11:50:08.557772,SEND,811ee2f15eacd8bf545ccd0d882bf87e
2016-04-26 11:50:08.575882,RECV,3eb48ad7a8653964d621941ead66df19
2016-04-26 11:50:08.582890,RECV,a735bed0e77a2b7b561da95220739295
2016-04-26 11:50:08.605924,SEND,a977f74346c565b5746162102952da88
2016-04-26 11:50:08.612924,SEND,548920bcf7d2ff5a7fe7561e0ac4bba5
2016-04-26 11:50:08.619928,RECV,e3033700338da0e0701295b5effe9c5d
2016-04-26 11:50:08.658964,RECV,d5740e65bbac8ee543cb32335fdb96b8
2016-04-26 11:50:08.664678,SEND,178664bbcf6fdef284051f1021dee25c
2016-04-26 11:50:08.666974,RECV,477fc1ec3334177988d7abfea5b5aa99
2016-04-26 11:50:08.681990,SEND,1102ed1525a5233ea0729bd9c08228d7
2016-04-26 11:50:08.704011,SEND,fdcb2572dd2311d13921d231d1246c65
2016-04-26 11:50:08.726030,RECV,00752eb22592bb28dc5764bdda41d7f0
2016-04-26 11:50:08.742053,SEND,96402729a464e18a4641f79f764cbd79
2016-04-26 11:50:08.755061,RECV,c55ea65b9bc3cb167a9a604a63632d26
2016-04-26 11:50:08.764070,RECV,b5b644ecdf1733824b71236cf943dd48
2016-04-26 11:50:08.785095,SEND,857ba7d8976cb051f65109a9977131f7
2016-04-26 11:50:08.787094,RECV,2117a0c09bbc3b2181201b8ea138b51c
2016-04-26 11:50:08.793804,SEND,59d3d7d281afb67e9e62df0c95852284
2016-04-26 11:50:08.802111,SEND,c701d41a74ad9bdb9f241444bbc52a24
2016-04-26 11:50:08.845151,RECV,59a6b023d48746366f21388122ead5e8
2016-04-26 11:50:08.854160,RECV,3ed33713999de39989c11179c5a32216
2016-04-26 11:50:08.877180,RECV,21b53acc09bd4dbda17ba92a0dfc8b7f
2016-04-26 11:50:08.884193,SEND,e31992b37953c2ccaf3484dfe1e4bb9d
2016-04-26 11:50:08.890204,SEND,1426ef433d5556ddb836af1375db8ed5
2016-04-26 11:50:08.935743,SEND,563b8a63ce855d7ed43d870901e1003c
2016-04-26 11:50:08.950256,RECV,586332b760eb791d3c119192f415b790
2016-04-26 11:50:08.957812,RECV,4186230ee9f7bf5eb48d7741f0d49bc3
2016-04-26 11:50:08.965275,SEND,2d4efa4331c067a2a67cdba62056abd8
2016-04-26 11:50:08.967274,RECV,b965f35cd7a8c4c8332f6c077495ec6c
2016-04-26 11:50:08.973985,SEND,a9f6e7dfba45c36aac546b7e689b90dc
2016-04-26 11:50:08.982287,SEND,150a59ff22f9562515f73ce9c1667389
2016-04-26 11:50:09.012317,RECV,94d0d851c94762b2be0b800000f47cd4
2016-04-26 11:50:09.027333,SEND,db4802e497f484483f8358ea46e87a34
2016-04-26 11:50:09.040472,RECV,94adb2f8345b4ce4a85c3a319dc4fc4e
2016-04-26 11:50:09.049352,RECV,ea8903abc7b8fdcb8368dc46e57b4b4e
2016-04-26 11:50:09.072380,RECV,9af51dcb82c52230c53689ba0d4f725a
2016-04-26 11:50:09.100409,SEND,b1ca713614c4b47d778539bdeca0807c
2016-04-26 11:50:09.109420,SEND,42b5cea6eac24b521bc900263fa35eee
2016-04-26 11:50:09.154459,RECV,4b58baf3e949ba90a5d827949b7da23c
2016-04-26 11:50:09.161370,RECV,b543cf6accddf1097f5bf0473e2a48da
2016-04-26 11:50:09.162471,SEND,7231f75cbc48d05640c5e195c396be3b
2016-04-26 11:50:09.175484,SEND,27ea10c126d35c5faa0f057ae080ca57
2016-04-26 11:50:09.198534,SEND,80f33ccf7b35f126a28124cbdbc09d64
2016-04-26 11:50:09.223529,RECV,c7a0a71833da909b966521dba376ccd9
2016-04-26 11:50:09.236543,RECV,d18df7c1b8794b59caac331965d02991
2016-04-26 11:50:09.243626,RECV,5be4a5ea19f185d067a9b1a482993ef7
2016-04-26 11:50:09.253559,SEND,c15f8cbc9f9b16e4dd96c009c7aad345
2016-04-26 11:50:09.266577,SEND,dc27b7e8a4a8d20bdab52e5754f1bcc9
2016-04-26 11:50:09.275283,SEND,3ff45305568c323b96cdc2f32562ae4c
2016-04-26 11:50:09.324839,RECV,f240e967a0691290b964ef6ecc960efd
2016-04-26 11:50:09.334010,RECV,ce2177862cd892fa495a8e523617c402
2016-04-26 11:50:09.341652,SEND,94031a27ce7bb19377c56847e2b853be
2016-04-26 11:50:09.342025,RECV,d92c2615f5706ad9e14688e442e950c9
2016-04-26 11:50:09.365672,SEND,8175cd563c2457da7366cbd9598cf44a
2016-04-26 11:50:09.373683,SEND,65928b7157f7b6746d61fc377f3a75e9
2016-04-26 11:50:09.401707,RECV,365e34fa17325badb2d517319e5bced2
2016-04-26 11:50:09.410716,RECV,70e6688b086be4a7be5bdb51e1edb316
2016-04-26 11:50:09.418723,RECV,e98c6620a6d317280cd20b686d0c90a3
2016-04-26 11:50:09.425734,SEND,f8b4e4639cd36527eb60bc8dd569908e
2016-04-26 11:50:09.431738,SEND,e61a3663810bce1234f76859c026e877
2016-04-26 11:50:09.433742,SEND,076717ee1502eab8904220e2a0d9d47f
2016-04-26 11:50:09.463633,RECV,e11d7cab6c5bb72597a85a1dcf264a72
2016-04-26 11:50:09.476782,RECV,f5547c783a0256d2e18a98439931c38f
2016-04-26 11:50:09.478787,SEND,63756b2e19b8aad5dc37f8abd9047b9d
2016-04-26 11:50:09.485791,RECV,eefe368c8a3a1db9267e9d7f7dbd5024
2016-04-26 11:50:09.491802,SEND,d8709bef0754204cb2f5e93713cbcc5f
2016-04-26 11:50:09.500809,SEND,1bff5a2654a052f7eb7eefe66c9a8c8b
2016-04-26 11:50:09.521826,RECV,0f799595b10ff73d416312a40d38978b
2016-04-26 11:50:09.523829,RECV,99b0001f8a8998d5c2dee02af65da33b
2016-04-26 11:50:09.545853,RECV,58d4e4fa87353e96b7c12fe203cb3222
2016-04-26 11:50:09.551861,SEND,7c41115521759d8557d3dcfe889c5651
2016-04-26 11:50:09.553864,SEND,3c88a07e818e8b4349f416605e4f0aac
2016-04-26 11:50:09.560873,SEND,dece256cfca9ef65fca0891afa2f57c1
2016-04-26 11:50:09.598904,RECV,df0dec7b7ad792a547da5c20de3fc11f
2016-04-26 11:50:09.612917,RECV,75f72815ad0ac8bb7aaeb03acd711800
2016-04-26 11:50:09.614923,SEND,a49eee7aea6228386d8362e930b3ce64
2016-04-26 11:50:09.627937,SEND,e0f54a901a28bcc160c843222f151d99
2016-04-26 11:50:09.636642,RECV,04169f11fc7547bd05537967cb8483eb
2016-04-26 11:50:09.672979,RECV,d4fe81989083dc8405670eb0caca718e
2016-04-26 11:50:09.681992,SEND,68d187404d33df19617ddcc1b44abcdb
2016-04-26 11:50:09.687996,SEND,43c270000aafde5a45883df14fe8c877
2016-04-26 11:50:09.689996,RECV,63e0c008740029e045db67bde07b1a3e
2016-04-26 11:50:09.705014,SEND,4493f8a5cdb9a5dbb9469e9e97eea6c5
2016-04-26 11:50:09.718022,RECV,fde36f3d8f32728079cb653dd757689f
2016-04-26 11:50:09.733038,SEND,05b7ad8d13274cafd4b3302a2439186e
2016-04-26 11:50:09.741741,RECV,e55fb6ad5c134b8082a7372836820e76
2016-04-26 11:50:09.772084,SEND,e55d6ae7e7fd2b24270f31d488cf6eaa
2016-04-26 11:50:09.793106,RECV,3378bf42932c5c0aeced0e044990756a
2016-04-26 11:50:09.795101,RECV,58b7fd583ef786bd9788f90007668a54
2016-04-26 11:50:09.817124,RECV,81cf4b5b7e84cd33b41404bb2cfb9892
2016-04-26 11:50:09.836871,SEND,061eb1955ac66176afdd66edbf16cde5
2016-04-26 11:50:09.840147,SEND,ce7a01abb735cde3ff107df2904dfce3
2016-04-26 11:50:09.847154,SEND,7f69654ff0419b39ebd89a259b53c395
