2016-04-26 11:50:07.219525,RECV,67a8b06394d5135125e306d9e4b75e9a
2016-04-26 11:50:07.228747,SEND,0d60657704a8cb22d13281acb4f787b6
2016-04-26 11:50:07.264575,RECV,c152c3087900d3fbadfdfc2ad9c5082c
2016-04-26 11:50:07.292658,SEND,ccfd59bcbf1dfc58d494014256851bea
2016-04-26 11:50:07.347654,RECV,df59f9e80e28f0561e3a9df2f0ea441f
2016-04-26 11:50:07.373635,SEND,e2bb6c70fae5fb93a4954f64ddc6f7af
2016-04-26 11:50:07.436747,RECV,ab58f5ec07052bb7ad9a65b7997f9ea9
2016-04-26 11:50:07.455761,SEND,932e42742c144bb8e17718ad0fa703c7
2016-04-26 11:50:07.549308,RECV,df02fb9e070934a97184c90c3bff9f8e
2016-04-26 11:50:07.576337,SEND,336e125bb883c51b37269bb28938a932
2016-04-26 11:50:07.654960,RECV,20d92f2ee8504a874493d4f4db3c1a57
2016-04-26 11:50:07.662511,SEND,deee71fba0cf04e68b5c17dc7133cc57
2016-04-26 11:50:07.725032,RECV,b66424b369d048bbe534098e34f5c0cb
2016-04-26 11:50:07.743770,SEND,68941c83ff472011d0d6b475e1ca3b7e
2016-04-26 11:50:07.835001,RECV,1a2336ff3e835e800eccb67850d477fb
2016-04-26 11:50:07.843083,SEND,0d81af08031476de0b8000a6165a531d
2016-04-26 11:50:07.888194,RECV,5a89e4eaddc8f6778b5648ed2a430dbf
2016-04-26 11:50:07.896309,SEND,a8760c7f34d48b5194eb7e76bfae638b
2016-04-26 11:50:07.988295,RECV,9af6bfa42949f4f57f6a32755d5acbcc
2016-04-26 11:50:07.998306,SEND,1d93d44f52240da612d8c0a24be3e3c2
2016-04-26 11:50:08.061393,RECV,6d8810d6dd542dc2f13582b1a0bab142
2016-04-26 11:50:08.097788,SEND,ea679884ac24637ddbd37ec7f058d372
2016-04-26 11:50:08.158931,RECV,6d45adfea04763e52f29c4c7e4a76a1a
2016-04-26 11:50:08.188013,SEND,2aef90ff972aac655c44470b8c176620
2016-04-26 11:50:08.224041,RECV,50e64e1118c7037ae2360329b9fdf8f7
2016-04-26 11:50:08.233658,SEND,e0ebf83b0057a25efe86180c0039915d
2016-04-26 11:50:08.285590,RECV,a53364bee876a8d1856b5f4f9ccce2ff
2016-04-26 11:50:08.294334,SEND,a71eea1c3f4c0e0de56c125feeade6ae
2016-04-26 11:50:08.348653,RECV,1fff572f3ee367b0458cf20fcf8e7490
2016-04-26 11:50:08.356666,SEND,c1c4afa7381ab3de630f9e991d3e3a7d
2016-04-26 11:50:08.420724,RECV,00d850c02d84de2f9dd01ba1729f0433
2016-04-26 11:50:08.429752,SEND,d94164daae0ce4ff483a0932217ebe6f
2016-04-26 11:50:08.484791,RECV,f1403316b51cc9ced21b3f4daa1fe02a
2016-04-26 11:50:08.492914,SEND,e2852bd4c172607c10bff2d60d43c6ca
2016-04-26 11:50:08.528835,RECV,1f4e5d005472c73126ad4e085a52a9b6
2016-04-26 11:50:08.547063,SEND,fceff7bcdea101b4bdbaf3742f52d781
2016-04-26 11:50:08.601906,RECV,8a47ab8d031a78a0b3078dad554bd375
2016-04-26 11:50:08.609916,SEND,1dcd74da36cc46c69a3e776a519d8b1f
2016-04-26 11:50:08.655374,RECV,2da7cb7aee4bcf0d10f021416a25ee62
2016-04-26 11:50:08.684547,SEND,510e22f5285c1f48f327c4c461ef74ea
2016-04-26 11:50:08.718023,RECV,d891618b9efead69dfe69c64d279fe11
2016-04-26 11:50:08.763074,SEND,a1349666971d755a2b41b014dfc7e90c
2016-04-26 11:50:08.827127,RECV,144a488ad5b773859661a1b3dad62c3a
2016-04-26 11:50:08.835891,SEND,9569001f560f41e253d3693da9fac39a
2016-04-26 11:50:08.916221,RECV,41617e456f0c5c9bed6b353365e63f71
2016-04-26 11:50:08.936240,SEND,c313faefff7d17ec52cf57a328a6cbcc
2016-04-26 11:50:09.026330,RECV,efe46f0339181af9fb80c88e46113992
2016-04-26 11:50:09.034471,SEND,82637819223b6eb9e973be079d502fbe
2016-04-26 11:50:09.098402,RECV,4b7b5660066c3b2c7266d8a88f8a7e82
2016-04-26 11:50:09.106858,SEND,bbfccd06ca720f96423c3d8e4d8680af
2016-04-26 11:50:09.170475,RECV,38fdb3280f833138c0307fedc6442b5b
2016-04-26 11:50:09.179634,SEND,3a869375ea14f7f431919b68f0968826
2016-04-26 11:50:09.216520,RECV,feddda3a891aa92aac5b16f379b999eb
2016-04-26 11:50:09.224756,SEND,7f2aef5d5f1efb526055e4455aa15e21
2016-04-26 11:50:09.305612,RECV,e2f3d4838fc081930a8e85874998933b
2016-04-26 11:50:09.324629,SEND,37a53a206bebb3d497bd795b64abad20
2016-04-26 11:50:09.414257,RECV,5d167c0bd8e75ed9c089e8054b13a9c5
2016-04-26 11:50:09.453744,SEND,e16e4003fc075ba66bb544f8012e3050
2016-04-26 11:50:09.513612,RECV,63bf5b4b9dd29eefc6ca89cf7de228f9
2016-04-26 11:50:09.531651,SEND,207470a3c673b4e84d4ca233a4dbc4b2
2016-04-26 11:50:09.577881,RECV,c603ee73ebf668161b5dde4c5f40eb68
2016-04-26 11:50:09.585797,SEND,53a23d061e7fdb1801b3e709f8fc77fb
2016-04-26 11:50:09.685081,RECV,7076e179f5cbfd72ec9b4aa982999569
2016-04-26 11:50:09.721346,SEND,9881bc221a4f44e1c00d51061e88ba53
2016-04-26 11:50:09.803420,RECV,fce2cf4587e1d382f1ea8496ade99df1
2016-04-26 11:50:09.813431,SEND,163f4214f2d9604ff8bae2febb6f8e4f
2016-04-26 11:50:09.847150,RECV,55dabe69cfd798940aa90a58f71403cf
2016-04-26 11:50:09.856621,SEND,191caad59ec190cabecfc8339cebe584
