2016-04-26 11:50:07.291601,RECV,9f4c1c6013ecda82b3cc211d2c48f0be
2016-04-26 11:50:07.309624,SEND,68e8fd1019fdea1f62d12065d20ec4b9
2016-04-26 11:50:07.361668,RECV,836cb9104649216ca5e7ad9b63482a2a
2016-04-26 11:50:07.370682,SEND,a910aa573369c98b3985f9593b754241
2016-04-26 11:50:07.424431,RECV,7655805ca62f0e56803d0b0cac3faa42
2016-04-26 11:50:07.433744,SEND,a9e143a27ffc23d9ad785a5a3ac4da88
2016-04-26 11:50:07.460767,RECV,ebb38847fdae9efe9931681bf02701f9
2016-04-26 11:50:07.478798,SEND,c15b9de8d9ad81734df19c4b4f806d98
2016-04-26 11:50:07.515519,RECV,c5ae79882e57225833f939a1db6206f6
2016-04-26 11:50:07.526394,SEND,0e2c78bfa7a8fd6747c1b87d14495349
2016-04-26 11:50:07.569878,RECV,e110dc3a2d3ab6fbadae2e9d073749b5
2016-04-26 11:50:07.578888,SEND,9dc0395307ffe46b5b55c8e7520f85ba
2016-04-26 11:50:07.623929,RECV,3e3fc8c20cf2676f4b34b75e6a441d6b
2016-04-26 11:50:07.659285,SEND,e600b25d52cb7cf17c0efa3e3f73fc0b
2016-04-26 11:50:07.686995,RECV,13cbffbe23a9cd2aeb0ae8e5c544efc0
2016-04-26 11:50:07.708026,SEND,9cd76877aabf54642de7a9a048337d66
2016-04-26 11:50:07.750754,RECV,7bf998439b3068c8464e74e24ae20208
2016-04-26 11:50:07.778095,SEND,ba834b3d7ba821c25cd9192bfc61e376
2016-04-26 11:50:07.813122,RECV,1fe8a64da4a7eafeba60565931d234fd
2016-04-26 11:50:07.831143,SEND,25ae2eee9b16c84f96deae38ead0e44b
2016-04-26 11:50:07.867173,RECV,076293800020c33cebbac7f28a6ca8a7
2016-04-26 11:50:07.878183,SEND,7d76dc16a09e6ac651e740bc3ea78e9d
2016-04-26 11:50:07.904806,RECV,863b7faa95381d4630e45cc9d0aedee5
2016-04-26 11:50:07.922831,SEND,9b48b1bb790f9fb8def04d4efee1f449
2016-04-26 11:50:07.966274,RECV,bb5e488d96468e57730cb5124ac8265c
2016-04-26 11:50:07.984293,SEND,f64dbb86cd5e74fde8a6804fb34480d9
2016-04-26 11:50:08.047354,RECV,18cd47b2344e8bb9587e8051212018eb
2016-04-26 11:50:08.057365,SEND,3612dd948e4fbf4dce887feb07a8f5db
2016-04-26 11:50:08.104409,RECV,ae45b7647e8989869c060c26c9b67b48
2016-04-26 11:50:08.147457,SEND,ade828d07ef91beb90838d4fd13edfe8
2016-04-26 11:50:08.174482,RECV,25a4c624483ffe191619b87016bfdb5c
2016-04-26 11:50:08.183495,SEND,328b9f048e3e93a9b86527622d35a52b
2016-04-26 11:50:08.219531,RECV,14a96f2045736db874bb6d15e58cbd09
2016-04-26 11:50:08.230543,SEND,8cac48fdf0af89061699b75cc39bf3c7
2016-04-26 11:50:08.264567,RECV,678f53826eecaee41474c39246a9f87c
2016-04-26 11:50:08.282597,SEND,34c1da178da1a372c942210f5be19233
2016-04-26 11:50:08.318626,RECV,b8028ac1b69bc1d8940f764454e0cb09
2016-04-26 11:50:08.345654,SEND,418cb5adf3529c9e3f5ffd1d20a957d5
2016-04-26 11:50:08.381690,RECV,357bf245f7bb695ebcb8620e21f4ec9e
2016-04-26 11:50:08.390699,SEND,2fb5460f5c051a7efa58d1cfc360c004
2016-04-26 11:50:08.435742,RECV,4a1ce66b588b76221d56b49a9cb34438
2016-04-26 11:50:08.462488,SEND,7aae90df60731f161ae4e9bfa4dd9446
2016-04-26 11:50:08.525833,RECV,9bc4cb21d8690e95e345aee5ed2e1e75
2016-04-26 11:50:08.552727,SEND,345c339edaab72ccdd8d26e168e85434
2016-04-26 11:50:08.588897,RECV,67d8625ffa2a8268892332dc3d5fcabd
2016-04-26 11:50:08.597907,SEND,024406ed6eb00f32da98ca829a59338c
2016-04-26 11:50:08.626939,RECV,17b202670ae1a4a48a7d7badd20a8860
2016-04-26 11:50:08.652962,SEND,ffa47678cfed04ffae1cb49f98699b93
2016-04-26 11:50:08.688994,RECV,45e5284d5de17a7604bd12af0cf14b1e
2016-04-26 11:50:08.700012,SEND,102f3c4824bca8bcd15768b2c10d9099
2016-04-26 11:50:08.734037,RECV,9f4fa040973585a75b630d838ca1cfc5
2016-04-26 11:50:08.762274,SEND,7c1985b4530721eabb3d74078a614849
2016-04-26 11:50:08.808125,RECV,b45d8a94ed68cd12289465c346b4510a
2016-04-26 11:50:08.819139,SEND,163376c128e72e0509c886634b942517
2016-04-26 11:50:08.860167,RECV,dd2d241cd53405a2f18d1df968c92225
2016-04-26 11:50:08.878074,SEND,0001009133737cd24e34e6c978ee3ff9
2016-04-26 11:50:08.914219,RECV,d53878f37899f60f73ca400de61d704a
2016-04-26 11:50:08.933297,SEND,a9f41dd27b529523a5d97a736aca7b2b
2016-04-26 11:50:08.977881,RECV,9bccad89ddabb3e4d08848803092ac9f
2016-04-26 11:50:08.998302,SEND,f4a4f571b865e914dcafcb8b7cbac24b
2016-04-26 11:50:09.032340,RECV,40c8c3b97f6b5f439dca15352c83e6c9
2016-04-26 11:50:09.053048,SEND,fe306c6f436303cda73f9b27b8d2def7
2016-04-26 11:50:09.089395,RECV,c989161d69175384942d9abb743d344c
2016-04-26 11:50:09.123433,SEND,95818078aa587bd583203e2f4b64a142
2016-04-26 11:50:09.168475,RECV,8ff9d90ebc1b3b69879eb06fe4b3b959
2016-04-26 11:50:09.179484,SEND,d49556c97e65d9d5532348639fc3c99a
2016-04-26 11:50:09.216990,RECV,a28384d08b1b408f974645ef49c876a5
2016-04-26 11:50:09.226001,SEND,370edacbe32b85ebd55d0185fd0e58b3
2016-04-26 11:50:09.250556,RECV,8a7cf2089f95620b361eb166d74fb20c
2016-04-26 11:50:09.261572,SEND,2667c0b86bed29f938f3a5bfeb9a7078
2016-04-26 11:50:09.306610,RECV,cc5bcd91759a7870805d4cb4ba1902e4
2016-04-26 11:50:09.321807,SEND,d94ac2dff58853187f13682e1585daaa
2016-04-26 11:50:09.357882,RECV,186dc0ee7005db51a74f734875429484
2016-04-26 11:50:09.369487,SEND,cf3c30609a49310f41021cd6cadad9a9
2016-04-26 11:50:09.430744,RECV,d58a907daf72cf3943b8952191411603
2016-04-26 11:50:09.450760,SEND,f27095728d3d290e1b82f524d0631de6
2016-04-26 11:50:09.484790,RECV,a3d4fee5de76454d9c85b6873872b60a
2016-04-26 11:50:09.502814,SEND,a285f17e06e3a2b01910529acc6a6fe9
2016-04-26 11:50:09.540844,RECV,08b4b431c7c6f4c4cf4b3a428649c7d2
2016-04-26 11:50:09.574477,SEND,05d53c3a2800872dbda44022a9c7c796
2016-04-26 11:50:09.610925,RECV,f9514f8e3a54c72d9659e5af0e24bcd0
2016-04-26 11:50:09.628906,SEND,ce7adb695a08cff51fdba6103b20e748
2016-04-26 11:50:09.668024,RECV,b17f949e58eec14bbd0b0c66c575f5ce
2016-04-26 11:50:09.683995,SEND,1c49e72f1b67ae6f00470987ae92a173
2016-04-26 11:50:09.711016,RECV,44f7d90f631bb5d8ef1c4949c721b074
2016-04-26 11:50:09.722035,SEND,0d1a7e5ff6efa4f3e940bd1254025672
2016-04-26 11:50:09.774075,RECV,1282cbf5c0a6370da013453b692a149b
2016-04-26 11:50:09.792104,SEND,bb6eedc794db55267d360397b15ee9e4
2016-04-26 11:50:09.846150,RECV,187e9062322b00b2479731ce659c03f1
2016-04-26 11:52:44.572436,SEND,defcdba181f03bc9b7f8913d41c18ae8
