2016-04-26 11:50:07.190497,RECV,48660de90a1671a0b55da39e53e06bb4
2016-04-26 11:50:07.211529,SEND,9f4c1c6013ecda82b3cc211d2c48f0be
2016-04-26 11:50:07.216525,SEND,3fd2fbdf4f0d175e1db3eda5731a4e3e
2016-04-26 11:50:07.255564,RECV,b1c214848fa5a95a507e8af02177a837
2016-04-26 11:50:07.281057,SEND,bb5fc7ff79db1870ed08537ccfb1b787
2016-04-26 11:50:07.314621,RECV,68e8fd1019fdea1f62d12065d20ec4b9
2016-04-26 11:50:07.346557,RECV,8727996be651be02dfdeb8e9dd66a777
2016-04-26 11:50:07.353666,SEND,836cb9104649216ca5e7ad9b63482a2a
2016-04-26 11:50:07.357247,SEND,23dacaacdfd33e4faae4ee7862bafc6d
2016-04-26 11:50:07.377683,RECV,a910aa573369c98b3985f9593b754241
2016-04-26 11:50:07.408715,RECV,d22d9757a52664d773be50f51b302b21
2016-04-26 11:50:07.415729,SEND,7655805ca62f0e56803d0b0cac3faa42
2016-04-26 11:50:07.421414,SEND,bd3bbe1cba5efdf828af2787180b7998
2016-04-26 11:50:07.441749,RECV,a9e143a27ffc23d9ad785a5a3ac4da88
2016-04-26 11:50:07.454765,SEND,ebb38847fdae9efe9931681bf02701f9
2016-04-26 11:50:07.472781,RECV,c6724e26ae3cab611673c22791f2ca96
2016-04-26 11:50:07.486602,SEND,acc8474657bf1d7ae681929e23b654a7
2016-04-26 11:50:07.493802,RECV,c15b9de8d9ad81734df19c4b4f806d98
2016-04-26 11:50:07.506817,SEND,c5ae79882e57225833f939a1db6206f6
2016-04-26 11:50:07.532839,RECV,0e2c78bfa7a8fd6747c1b87d14495349
2016-04-26 11:50:07.537844,RECV,4778bcb26e5ba158032241b6e7057c3a
2016-04-26 11:50:07.558867,SEND,e110dc3a2d3ab6fbadae2e9d073749b5
2016-04-26 11:50:07.564832,SEND,ec90c8daf28ad6c3d2303e47cc072a05
2016-04-26 11:50:07.585895,RECV,9dc0395307ffe46b5b55c8e7520f85ba
2016-04-26 11:50:07.611158,SEND,3e3fc8c20cf2676f4b34b75e6a441d6b
2016-04-26 11:50:07.629937,RECV,89c9660a9f37ac92fc19ed94dd882295
2016-04-26 11:50:07.656272,SEND,8b0db505e8c6bcf4fc1271ac3b4d77c3
2016-04-26 11:50:07.663971,RECV,e600b25d52cb7cf17c0efa3e3f73fc0b
2016-04-26 11:50:07.678991,SEND,13cbffbe23a9cd2aeb0ae8e5c544efc0
2016-04-26 11:50:07.695002,RECV,cc66d2776c6c3d5da13c90a9baaaa76b
2016-04-26 11:50:07.708019,SEND,2a45a838b012b742c2b45d64c1df6ff3
2016-04-26 11:50:07.727846,RECV,9cd76877aabf54642de7a9a048337d66
2016-04-26 11:50:07.741046,SEND,7bf998439b3068c8464e74e24ae20208
2016-04-26 11:50:07.784093,RECV,09edbd2eed8f2cacbc4bd9bcb583f4e9
2016-04-26 11:50:07.792098,RECV,ba834b3d7ba821c25cd9192bfc61e376
2016-04-26 11:50:07.807118,SEND,1fe8a64da4a7eafeba60565931d234fd
2016-04-26 11:50:07.811210,SEND,d11c401161b3e683888c38825b6c3f9d
2016-04-26 11:50:07.845157,RECV,25ae2eee9b16c84f96deae38ead0e44b
2016-04-26 11:50:07.858168,SEND,076293800020c33cebbac7f28a6ca8a7
2016-04-26 11:50:07.862565,RECV,0d3940db67525eb2d4193ae26a0a968d
2016-04-26 11:50:07.884194,RECV,7d76dc16a09e6ac651e740bc3ea78e9d
2016-04-26 11:50:07.889200,SEND,386637085295a115e14c621b20096ef2
2016-04-26 11:50:07.897208,SEND,863b7faa95381d4630e45cc9d0aedee5
2016-04-26 11:50:07.947163,RECV,9b48b1bb790f9fb8def04d4efee1f449
2016-04-26 11:50:07.952260,RECV,ba3f6e2d7b48496e49d68a25c73e2eb7
2016-04-26 11:50:07.960268,SEND,bb5e488d96468e57730cb5124ac8265c
2016-04-26 11:50:07.966211,SEND,fe7bb3368ab26e049efa92dae8507eef
2016-04-26 11:50:07.998304,RECV,f64dbb86cd5e74fde8a6804fb34480d9
2016-04-26 11:50:08.031336,RECV,70f6c2f8ed447966222db62ce7eebbb7
2016-04-26 11:50:08.040351,SEND,18cd47b2344e8bb9587e8051212018eb
2016-04-26 11:50:08.056366,SEND,0c6b2739af0c3f952770838919546d62
2016-04-26 11:50:08.064371,RECV,3612dd948e4fbf4dce887feb07a8f5db
2016-04-26 11:50:08.089399,SEND,ae45b7647e8989869c060c26c9b67b48
2016-04-26 11:50:08.120426,RECV,1be551f687887524e368f94335eed5f9
2016-04-26 11:50:08.145456,SEND,e6829786d9f68f5f9ec5a745e5b9c271
2016-04-26 11:50:08.153460,RECV,ade828d07ef91beb90838d4fd13edfe8
2016-04-26 11:50:08.166477,SEND,25a4c624483ffe191619b87016bfdb5c
2016-04-26 11:50:08.192209,RECV,328b9f048e3e93a9b86527622d35a52b
2016-04-26 11:50:08.208517,SEND,14a96f2045736db874bb6d15e58cbd09
2016-04-26 11:50:08.211519,RECV,f04e2429b5a611cc7c3536f7956f0f71
2016-04-26 11:50:08.244549,RECV,8cac48fdf0af89061699b75cc39bf3c7
2016-04-26 11:50:08.257568,SEND,678f53826eecaee41474c39246a9f87c
2016-04-26 11:50:08.261967,SEND,7926bc214c60b329147d262fe0c4c32c
2016-04-26 11:50:08.296599,RECV,34c1da178da1a372c942210f5be19233
2016-04-26 11:50:08.301757,RECV,e00c61d5cbd2a78b440ae10ec1bab509
2016-04-26 11:50:08.308616,SEND,b8028ac1b69bc1d8940f764454e0cb09
2016-04-26 11:50:08.326823,SEND,2ea8de06ff4b22c4e4c78d0e4d9d91fd
2016-04-26 11:50:08.360666,RECV,418cb5adf3529c9e3f5ffd1d20a957d5
2016-04-26 11:50:08.375681,SEND,357bf245f7bb695ebcb8620e21f4ec9e
2016-04-26 11:50:08.392697,RECV,44c6ce6979d48d0360458cefb65a34ca
2016-04-26 11:50:08.403299,RECV,2fb5460f5c051a7efa58d1cfc360c004
2016-04-26 11:50:08.417730,SEND,ca7aa5cefc0d56598b54c7875cc6fcd3
2016-04-26 11:50:08.429625,SEND,4a1ce66b588b76221d56b49a9cb34438
2016-04-26 11:50:08.456743,RECV,e231342dec4f9e685abe0bac8c3ad808
2016-04-26 11:50:08.477785,RECV,7aae90df60731f161ae4e9bfa4dd9446
2016-04-26 11:50:08.483790,SEND,4015f58752f1fc380cde4a99cd917818
2016-04-26 11:50:08.515825,SEND,9bc4cb21d8690e95e345aee5ed2e1e75
2016-04-26 11:50:08.533842,RECV,a5f62f9f8a71105b95211911e8d9d475
2016-04-26 11:50:08.559586,SEND,cc4d7262b75afc43f29ae5e0b73d8d2f
2016-04-26 11:50:08.566873,RECV,345c339edaab72ccdd8d26e168e85434
2016-04-26 11:50:08.579892,SEND,67d8625ffa2a8268892332dc3d5fcabd
2016-04-26 11:50:08.605912,RECV,024406ed6eb00f32da98ca829a59338c
2016-04-26 11:50:08.610918,RECV,3cddf70e0e4b7796baa6fd2c5542e004
2016-04-26 11:50:08.618930,SEND,17b202670ae1a4a48a7d7badd20a8860
2016-04-26 11:50:08.639852,SEND,56ea5e75045d22dc4079f6930387575c
2016-04-26 11:50:08.657965,RECV,ffa47678cfed04ffae1cb49f98699b93
2016-04-26 11:50:08.683969,SEND,45e5284d5de17a7604bd12af0cf14b1e
2016-04-26 11:50:08.711016,RECV,102f3c4824bca8bcd15768b2c10d9099
2016-04-26 11:50:08.726036,SEND,9f4fa040973585a75b630d838ca1cfc5
2016-04-26 11:50:08.742050,RECV,544d01611bf06742d526badd2d081c41
2016-04-26 11:50:08.768075,SEND,21dea3b4f2735570b2b7460a8e24a1e5
2016-04-26 11:50:08.776082,RECV,7c1985b4530721eabb3d74078a614849
2016-04-26 11:50:08.801237,SEND,b45d8a94ed68cd12289465c346b4510a
2016-04-26 11:50:08.808113,RECV,d08570bba0173c08af462ed1d42be7ff
2016-04-26 11:50:08.828135,RECV,163376c128e72e0509c886634b942517
2016-04-26 11:50:08.833315,SEND,5348cdc705aedb9d9b7ab5c243978041
2016-04-26 11:50:08.854165,SEND,dd2d241cd53405a2f18d1df968c92225
2016-04-26 11:50:08.893201,RECV,0001009133737cd24e34e6c978ee3ff9
2016-04-26 11:50:08.908211,SEND,d53878f37899f60f73ca400de61d704a
2016-04-26 11:50:08.911215,RECV,98cf5f410c18587c8c6319b3dba47fb5
2016-04-26 11:50:08.924575,SEND,f08d21770f41d50667820c74c703c2e9
2016-04-26 11:50:08.946258,RECV,a9f41dd27b529523a5d97a736aca7b2b
2016-04-26 11:50:08.971291,SEND,9bccad89ddabb3e4d08848803092ac9f
2016-04-26 11:50:09.001100,RECV,a0b16705058b7144f93203bd710d680e
2016-04-26 11:50:09.010323,RECV,f4a4f571b865e914dcafcb8b7cbac24b
2016-04-26 11:50:09.014817,SEND,c5550e16099c88610100582a5ad26e13
2016-04-26 11:50:09.022328,SEND,40c8c3b97f6b5f439dca15352c83e6c9
2016-04-26 11:50:09.060367,RECV,fe306c6f436303cda73f9b27b8d2def7
2016-04-26 11:50:09.065372,RECV,4e1dc1fe50825132657de04e81fdbf06
2016-04-26 11:50:09.075384,SEND,c989161d69175384942d9abb743d344c
2016-04-26 11:50:09.079014,SEND,441bb87466ccad5a8a3a6d5292cca32e
2016-04-26 11:50:09.137440,RECV,95818078aa587bd583203e2f4b64a142
2016-04-26 11:50:09.143793,RECV,7de1e0ea7e7a0689c8a4b8c62712cd9f
2016-04-26 11:50:09.163254,SEND,8ff9d90ebc1b3b69879eb06fe4b3b959
2016-04-26 11:50:09.169266,SEND,bcfaf96e887bb94e3d2b364bffbf5210
2016-04-26 11:50:09.189495,RECV,d49556c97e65d9d5532348639fc3c99a
2016-04-26 11:50:09.202509,SEND,a28384d08b1b408f974645ef49c876a5
2016-04-26 11:50:09.228536,RECV,370edacbe32b85ebd55d0185fd0e58b3
2016-04-26 11:50:09.240545,SEND,8a7cf2089f95620b361eb166d74fb20c
2016-04-26 11:50:09.245552,RECV,b8f7644cdfa8aeadfa46bb29a7b73452
2016-04-26 11:50:09.259170,SEND,35553a9efbf5394e109968d800fd7fe3
2016-04-26 11:50:09.266571,RECV,2667c0b86bed29f938f3a5bfeb9a7078
2016-04-26 11:50:09.291601,SEND,cc5bcd91759a7870805d4cb4ba1902e4
2016-04-26 11:50:09.298603,RECV,83a9c09731df6cfc76b45f122d18b1ac
2016-04-26 11:50:09.310308,SEND,69bce82ce83e7e259ce66d879391d158
2016-04-26 11:50:09.330518,RECV,d94ac2dff58853187f13682e1585daaa
2016-04-26 11:50:09.345654,SEND,186dc0ee7005db51a74f734875429484
2016-04-26 11:50:09.348656,RECV,d195cd30d471bee7444fb2acbf21c891
2016-04-26 11:50:09.375493,SEND,af1b3e25a74dc74d1f073be89cb20676
2016-04-26 11:50:09.382685,RECV,cf3c30609a49310f41021cd6cadad9a9
2016-04-26 11:50:09.421728,SEND,d58a907daf72cf3943b8952191411603
2016-04-26 11:50:09.426130,RECV,da068ce031c7597e9470f0a9143e8b20
2016-04-26 11:50:09.440070,SEND,0aca18bcbd604d289b90f11c8cbad009
2016-04-26 11:50:09.460766,RECV,f27095728d3d290e1b82f524d0631de6
2016-04-26 11:50:09.472780,SEND,a3d4fee5de76454d9c85b6873872b60a
2016-04-26 11:50:09.478782,RECV,35b804433104a03dfbed19c12cc0d296
2016-04-26 11:50:09.504809,SEND,ca5020051a6c6f0c4517a0cceba85308
2016-04-26 11:50:09.511524,RECV,a285f17e06e3a2b01910529acc6a6fe9
2016-04-26 11:50:09.526458,SEND,08b4b431c7c6f4c4cf4b3a428649c7d2
2016-04-26 11:50:09.552315,RECV,ae8963d084606b8a5b6cf13bbf7fb093
2016-04-26 11:50:09.556383,SEND,21def13de44c925351bc218b2bb282c3
2016-04-26 11:50:09.588900,RECV,05d53c3a2800872dbda44022a9c7c796
2016-04-26 11:50:09.601906,SEND,f9514f8e3a54c72d9659e5af0e24bcd0
2016-04-26 11:50:09.606913,RECV,f934d35f47bab30d3c4031c7b3c58fbf
2016-04-26 11:50:09.633311,SEND,6cb207ea9cd9cc337fb70a31eb6223f9
2016-04-26 11:50:09.640946,RECV,ce7adb695a08cff51fdba6103b20e748
2016-04-26 11:50:09.665705,SEND,b17f949e58eec14bbd0b0c66c575f5ce
2016-04-26 11:50:09.691993,RECV,1c49e72f1b67ae6f00470987ae92a173
2016-04-26 11:50:09.697003,RECV,27e30549195b763d5f8ea29c84a3142c
2016-04-26 11:50:09.705011,SEND,44f7d90f631bb5d8ef1c4949c721b074
2016-04-26 11:50:09.710828,SEND,238ced9dadf3100ff47fbd8c62d5950a
2016-04-26 11:50:09.733040,RECV,0d1a7e5ff6efa4f3e940bd1254025672
2016-04-26 11:50:09.769082,SEND,1282cbf5c0a6370da013453b692a149b
2016-04-26 11:50:09.787092,RECV,9a83a949b823fdebc33ec83f138eaef8
2016-04-26 11:50:09.808112,RECV,bb6eedc794db55267d360397b15ee9e4
2016-04-26 11:50:09.814120,SEND,8d07befafb7d621a1d4df740bc972dda
2016-04-26 11:50:09.835141,SEND,187e9062322b00b2479731ce659c03f1
2016-04-26 11:50:09.840145,RECV,ae37f5f9ce0d74e20e05646c18eaf84d
2016-04-26 11:52:44.576445,SEND,4fbc4eb3370e91dd7f0d4fc2f37cc2a6
