2016-04-26 11:50:07.154480,SEND,6ca9d682b1af4292d09b3cbe372e6031
2016-04-26 11:50:07.156483,SEND,7710730ca3cb2a843f1da01683ed6f2f
2016-04-26 11:50:07.225888,RECV,ad95b6249ea44990a89e1cae96d5f813
2016-04-26 11:50:07.240926,SEND,5f982d0e8892112559d97c8a7f8928a7
2016-04-26 11:50:07.257564,RECV,3c576fd31a28755b8e259b12a36ed2ed
2016-04-26 11:50:07.273029,SEND,24bf38c008ef42b4f9a89b0ea26ea291
2016-04-26 11:50:07.302609,RECV,70bdb9e71157b1bb0d95800540bd0a1f
2016-04-26 11:50:07.315621,RECV,b91836cc3afa6ca193eaa0c188e5b6a2
2016-04-26 11:50:07.331188,SEND,dbd8d8c822b763454795bb826a8d8f19
2016-04-26 11:50:07.332640,SEND,7b821905a86c312f58fa353d6ebd44bd
2016-04-26 11:50:07.349656,RECV,7b4a22e3fd740a91d6663d971a90cb02
2016-04-26 11:50:07.364672,SEND,e51025baff80a3a42bd36812f43d5349
2016-04-26 11:50:07.375686,RECV,770fcfd6add3ea918f76120d03611275
2016-04-26 11:50:07.393701,RECV,6ef76d59731793070c229a54563e82db
2016-04-26 11:50:07.399220,RECV,b48e04909c49bbd94b6fcb1c06ec46a0
2016-04-26 11:50:07.406395,SEND,8237dad18e15acb55149d93a03694864
2016-04-26 11:50:07.408400,SEND,aed72f4d3d655ba0647dccfc85ce0ff1
2016-04-26 11:50:07.415070,SEND,1e826841a4a908449afe044e4166309e
2016-04-26 11:50:07.438741,RECV,2eb1367124dbbf367f895e01cb5e1da0
2016-04-26 11:50:07.444319,RECV,c30858790cc3cb7aad017d4a6bba6e05
2016-04-26 11:50:07.451758,RECV,b25d12d74c2639a98916205900c85839
2016-04-26 11:50:07.496809,SEND,ed46b3fe06f3c6f6d8ef6202af2e3b1b
2016-04-26 11:50:07.498807,SEND,55c739636da6f2e91ec4693113eb8cb7
2016-04-26 11:50:07.500808,SEND,f6fd485213886bebe4a465a8eaf3de04
2016-04-26 11:50:07.528836,RECV,e49c6eed927cd1fe117f11e0f3fc4200
2016-04-26 11:50:07.544587,SEND,65cd46bd17a14ee2734abc915694c473
2016-04-26 11:50:07.545853,RECV,c461d880401c4ea24bda5baaa8f2517d
2016-04-26 11:50:07.556867,RECV,84c841545e5e59f9d68f66b6d73420ea
2016-04-26 11:50:07.560869,SEND,63cfd03c0b2704b958e58156ef742779
2016-04-26 11:50:07.574694,RECV,894a20fded1ab546dc1bd5c6b80a6e5e
2016-04-26 11:50:07.587732,SEND,23d634a59be88f1596d1d03801c344b5
2016-04-26 11:50:07.589738,SEND,08cc4162a58f6e796d30739642c6d01a
2016-04-26 11:50:07.590899,RECV,b520ec0f34840d589989b9ebe95ef2ce
2016-04-26 11:50:07.605917,SEND,13979dba1bfc106aab850d1a53fa7268
2016-04-26 11:50:07.618927,RECV,ef59760d8feab948320ec92d8c4d1e87
2016-04-26 11:50:07.633941,SEND,51d7c284ad005e2e9b6e63317b740007
2016-04-26 11:50:07.635944,RECV,021ff1caf39702ee1fe1671b271a0b42
2016-04-26 11:50:07.650964,SEND,eccbbc2c777174cd56b38b59f609d0f6
2016-04-26 11:50:07.661970,RECV,6c62f63d35cd71d5fa6f2828c1bd9e51
2016-04-26 11:50:07.677990,SEND,dd49e3bf4930d913fabd3e298e2fbf43
2016-04-26 11:50:07.681988,RECV,3fcd48b1ba45a163be587f8b0325d19e
2016-04-26 11:50:07.695001,RECV,e8e23852fe8f05b0aa8e6b4f308db430
2016-04-26 11:50:07.697007,SEND,883b6b2c262ebbbd3e251ea6fa859830
2016-04-26 11:50:07.723031,RECV,74c434f0118c5da41aa4914b2c75766b
2016-04-26 11:50:07.727034,RECV,bc84ec0cb77d9d058b601c5e72551ed9
2016-04-26 11:50:07.738141,SEND,fa2e1bc573bcd88624251e4e060130e8
2016-04-26 11:50:07.741197,SEND,a779d230cf77ddb2d1cb939163ba209a
2016-04-26 11:50:07.742053,SEND,466534a64663731e2bf592053ee11416
2016-04-26 11:50:07.770076,RECV,346ee9e0c64aceefbac487a4db471dca
2016-04-26 11:50:07.772081,RECV,8578f3e22515f56b5e142ef2c7ab4d93
2016-04-26 11:50:07.798674,RECV,347d46f205ad0f8f7643f2a9190925d4
2016-04-26 11:50:07.828996,SEND,fb7735b7e61a364fddba4bd7c768c5ef
2016-04-26 11:50:07.830135,SEND,5439113a36cb20de62366f3c2592538f
2016-04-26 11:50:07.832143,SEND,b84d171e01ec6cbc27204b941546d54c
2016-04-26 11:50:07.860169,RECV,8d84320de9235e9c4c590ee9f5ecc28c
2016-04-26 11:50:07.873184,RECV,be3a622a776ac59cfd86a3eaaa75110d
2016-04-26 11:50:07.877152,RECV,ba2526b6582cb0bda60255e52652c03f
2016-04-26 11:50:07.891903,SEND,0848d37dbc6f97f636c628658eb2fa8c
2016-04-26 11:50:07.904941,SEND,6cfcb162ae0db8f581c64ca3db505487
2016-04-26 11:50:07.922008,RECV,49571d0fb61764f2e786a86be9042db1
2016-04-26 11:50:07.923489,SEND,478ececb45efcc8764120e978bcc2e46
2016-04-26 11:50:07.937066,SEND,524c9e1b7a26db4b00927c804eba0d87
2016-04-26 11:50:07.949259,RECV,7a5cd963393ff20f2786ed77be1025b4
2016-04-26 11:50:07.965369,SEND,692c41c67c5d23a0f41aa5407520ed5c
2016-04-26 11:50:07.967274,RECV,17874718cb7d089b61d0dfa94230f95d
2016-04-26 11:50:07.982412,SEND,aefeffcca0cbb7efabb0d66d8ae81217
2016-04-26 11:50:07.983417,RECV,f13b5472ea38f2f88cb66f6745cb1183
2016-04-26 11:50:07.999310,SEND,7478a3350d190d46755f0ddcebae5137
2016-04-26 11:50:08.025333,RECV,f4d12e2f418d95ff6a25d0be0f31b6ab
2016-04-26 11:50:08.028334,RECV,982ea0ed0b03e9d89ffe1fbdea4011f1
2016-04-26 11:50:08.040351,SEND,fafc0ce6432a3094ef52426f8f23edf6
2016-04-26 11:50:08.042351,SEND,7ff1275580f76be8cc8d11172b641f4f
2016-04-26 11:50:08.043579,RECV,25dee5c383441257943a91cf122f69f6
2016-04-26 11:50:08.072378,RECV,06ce3a8031d492998ba18d42628f388c
2016-04-26 11:50:08.077672,SEND,11153ab881a548ebd7f3d1c179c128d4
2016-04-26 11:50:08.100405,RECV,f09dacb474d0eeffc696c09fe1ebbeb2
2016-04-26 11:50:08.115780,SEND,7617ef6ee7d98c1b64ffc69b0bb62052
2016-04-26 11:50:08.117786,SEND,2d3654a77d8b9f90b7b44da3ab5f897a
2016-04-26 11:50:08.134443,RECV,3b49d585e1a0f465d8586e50470bf1c0
2016-04-26 11:50:08.160466,RECV,735158442a043691f2e3925b2e36d011
2016-04-26 11:50:08.164471,SEND,fe912aaacef201db4d897f311879a23d
2016-04-26 11:50:08.175954,SEND,2200a74b9687d50d4d6bb16ef19ec1c2
2016-04-26 11:50:08.177484,RECV,13b2dec1f14513b494f6f2858c4b77c2
2016-04-26 11:50:08.194501,RECV,64792c84195e95c4f9370fa17d5587a9
2016-04-26 11:50:08.208047,SEND,c99b0ce55a481789f93d4c2e88a51bdc
2016-04-26 11:50:08.209520,SEND,f7cb1d7610f9bfab04d5aae9f706b7fd
2016-04-26 11:50:08.235543,RECV,9e66929fef77c37586c97179b343126f
2016-04-26 11:50:08.239546,RECV,1df6ed938875035192538a388196d566
2016-04-26 11:50:08.266237,SEND,a7081a18dc6b131bc25fcdb317a79a3f
2016-04-26 11:50:08.267575,RECV,d8d3ac4e747c97c72cd5cc7c0cf56d13
2016-04-26 11:50:08.283288,SEND,b8fb6e990fb43e70c58a6a52c947ab1b
2016-04-26 11:50:08.284597,SEND,5c3bcd7de6f86c04b44a9d7117f2fa30
2016-04-26 11:50:08.312618,RECV,f063fecfb3dda1278edab772f1886059
2016-04-26 11:50:08.327637,SEND,d3630d0816d668ad531e2de8018d9263
2016-04-26 11:50:08.329440,RECV,fb7f75a2d852be3ebb39f6f030c5abb2
2016-04-26 11:50:08.340647,RECV,758434e434fbeb91545958628a9a3342
2016-04-26 11:50:08.348498,SEND,113d08a2b73a84cc66e5ab5871d0ee58
2016-04-26 11:50:08.373559,RECV,0ab2c8bf0299cadb34743e54e344efd5
2016-04-26 11:50:08.393623,RECV,6fb3e264df33e22162576d2d5f3ed94a
2016-04-26 11:50:08.400709,SEND,9f0b7a6072727e9bcda0560f22b01784
2016-04-26 11:50:08.418688,SEND,3b4272383449ac61c51dde8b22ec27cf
2016-04-26 11:50:08.434727,SEND,8ec4c5f56d6f47253379221bf15f36bf
2016-04-26 11:50:08.445752,RECV,b74c2564da30d9fea68486f1602768cc
2016-04-26 11:50:08.461779,SEND,cbe7cac875d3f20d84555d0e5eab5a31
2016-04-26 11:50:08.463770,RECV,91c5e7da6c0ebea9f390c2ce55692872
2016-04-26 11:50:08.478817,SEND,37d022f9bf165a94cc178abc839af42d
2016-04-26 11:50:08.479820,RECV,515199b45f0243c3ee827ec91322e794
2016-04-26 11:50:08.506814,RECV,686753a1d77af9ee3672d346f32ab18d
2016-04-26 11:50:08.509893,SEND,44206086f47617652d87d70feff2dd20
2016-04-26 11:50:08.521917,SEND,f8626b6cd943fb9a8cbc103025bf9615
2016-04-26 11:50:08.538845,RECV,3dd025a4eb5e6dd0d93feb7bb7ac0d4b
2016-04-26 11:50:08.553862,SEND,674c2bdff903675094cebdc2bcec70f0
2016-04-26 11:50:08.555858,RECV,91deb88c8d91b0504cde48bf686e0a19
2016-04-26 11:50:08.570881,SEND,a41a7f2d4bb1dcd496562bfd64550669
2016-04-26 11:50:08.583892,RECV,49c484ce3eea2eaba9951f61ea1d645f
2016-04-26 11:50:08.596905,RECV,c763570e1ecb80820ffa232ed19bacf4
2016-04-26 11:50:08.612147,SEND,f3baeaac443d6fdbb250aacccfc7deb1
2016-04-26 11:50:08.613924,SEND,cef60fcdce75cddcec6091191cc9a8fc
2016-04-26 11:50:08.643950,RECV,015c0b4230ac0f2070f5b6112c0b3158
2016-04-26 11:50:08.645954,RECV,1522948f4966b39d5b9d19dd7d422a67
2016-04-26 11:50:08.659273,SEND,59dd3048ff8b9b64f68b660819167779
2016-04-26 11:50:08.675983,SEND,eb2f52275c68a6a013857f8f4050ae43
2016-04-26 11:50:08.702006,RECV,bce95a1ec3ecb2736daee6eab3abf8b8
2016-04-26 11:50:08.719412,RECV,1078f4d79d60e974d47eea83a15f7a72
2016-04-26 11:50:08.732453,SEND,4f8a0e4569761a3009c84cbdf27b30da
2016-04-26 11:50:08.739476,RECV,ba5a72244fbb821953f93414251fa419
2016-04-26 11:50:08.777081,RECV,e6b20b2292b922d011161578f92f7e0a
2016-04-26 11:50:08.781087,SEND,d28283bf7c91a1a14bd3ee24c4b36f51
2016-04-26 11:50:08.792647,SEND,a71d02d88d6f1af46450c6ab49cf6e8a
2016-04-26 11:50:08.794097,SEND,10e3d96d7b4fd37dfd0eb55067e10248
2016-04-26 11:50:08.811116,RECV,9407f81a8377f70e27ff26e870cdbaec
2016-04-26 11:50:08.839144,RECV,489f590b6af0852cdff02cf1a1455247
2016-04-26 11:50:08.841147,SEND,a81712791c16cd1b41d286560d4fb0b2
2016-04-26 11:50:08.854821,SEND,2937108fd105249c07ec0c934a0a9d4d
2016-04-26 11:50:08.886192,RECV,e9b73dd5fbade04bda86664b870f4d57
2016-04-26 11:50:08.897204,RECV,7333fd7966e9517fcc8f981bf5ee0745
2016-04-26 11:50:08.899208,RECV,04901c5a3fb9ea2528822a8a02874c24
2016-04-26 11:50:08.904990,SEND,109dac6559315a12a2496ecbb8843ff5
2016-04-26 11:50:08.928053,SEND,2dd8cbe01e69356effc7cb645463340b
2016-04-26 11:50:08.930057,SEND,e704b1786c406758610e92750444d1d1
2016-04-26 11:50:08.946254,RECV,40cca99dbf977229ee636b35d68c35cc
2016-04-26 11:50:08.961673,SEND,6457807cc2099204773a96808405e9b7
2016-04-26 11:50:08.974281,RECV,a1e94ef2d66a2f546d140522c0eb2431
2016-04-26 11:50:08.987296,RECV,44c7b09bd9cc33a3699b7c2d3d57c874
2016-04-26 11:50:08.991297,RECV,7b4cb768f60e43f54315aef4a9a7d4c1
2016-04-26 11:50:09.002310,SEND,43f16956f7a44d6b177fcd57cbe27967
2016-04-26 11:50:09.004310,SEND,686038ad34fb755f75149ceec1ff43c2
2016-04-26 11:50:09.006315,SEND,ed1c1e92eefe1a64f961ad946614d63c
2016-04-26 11:50:09.035340,RECV,6f64f00798817d89cd68ad567bf2cde5
2016-04-26 11:50:09.037344,RECV,4dee39dc5cc6498bd057e625df9d7625
2016-04-26 11:50:09.048353,RECV,4e23e7fdcada67465dff5b3569c522fb
2016-04-26 11:50:09.052363,SEND,3c397a95b2d3769d9c044636404c84c9
2016-04-26 11:50:09.063432,SEND,9d1d1b19d885ab7b767207f3a3e0e158
2016-04-26 11:50:09.065373,SEND,868c3b2d23a469b898cf1652fdd46f1e
2016-04-26 11:50:09.082387,RECV,fa60761a76b59ba476d4ec6c58c7c47e
2016-04-26 11:50:09.112419,SEND,09a76268e46952a81eb0a9913bcd4d6c
2016-04-26 11:50:09.123428,RECV,8936fdf80bf56cecd0331277ddae26d4
2016-04-26 11:50:09.125598,RECV,9af56c4c92801230fb40d86be4956b7e
2016-04-26 11:50:09.161952,RECV,175a493b651b3ce7a77a1629d5b3b7e7
2016-04-26 11:50:09.168975,SEND,3ca393155cbab98d6b6de6683e548ff1
2016-04-26 11:50:09.170476,SEND,f8e8006509c97ca86b4feae0dd25a2d6
2016-04-26 11:50:09.215523,RECV,61b1eb5689521b28ae2d1149392662e1
2016-04-26 11:50:09.217529,SEND,812f866e2b3365a9f678dcbbe7d77513
2016-04-26 11:50:09.230539,SEND,f57086e9fee0e21b09e621c15b9f7051
2016-04-26 11:50:09.243550,RECV,283515fb2016479ca4771052053f9c9d
2016-04-26 11:50:09.259250,SEND,cf65e4c5a53a0a2b5d7ef42a8a006d41
2016-04-26 11:50:09.260569,RECV,71cb6228d75c7db312b3acd55094fb1f
2016-04-26 11:50:09.266573,RECV,7426e6106db832500a7e38b909b6be0d
2016-04-26 11:50:09.275582,SEND,e5e84bd8eef34076cc694a7f1067f11f
2016-04-26 11:50:09.305613,RECV,2608c30c126eadd1b0ca1d1cf7045c52
2016-04-26 11:50:09.308047,SEND,98ef94c841d5331604382cc788366614
2016-04-26 11:50:09.318623,RECV,6940f742cad572b5043efdbb2087f4fa
2016-04-26 11:50:09.333743,SEND,f503e34bdd527b77503187f3f9ff760f
2016-04-26 11:50:09.337661,SEND,a0f1b0b3c175a986bd2e968ae77c38e4
2016-04-26 11:50:09.378686,RECV,d91ac679c6f351f417a3c824c92d13fd
2016-04-26 11:50:09.381623,RECV,7a688de3ff507564ab26832597aa6bc9
2016-04-26 11:50:09.386637,RECV,f7d7e11debe4fe4363a78123907796dd
2016-04-26 11:50:09.394672,SEND,44013db99740ddbaf871d32f56273687
2016-04-26 11:50:09.411719,SEND,e4f4b37db13a68b09346bac3b9c93acf
2016-04-26 11:50:09.417727,SEND,4d1d83caffcf85308d1c8695265712ac
2016-04-26 11:50:09.454755,RECV,325338b75a7d88f38f197c02e536ab77
2016-04-26 11:50:09.456827,RECV,a361f7956521f3be8ccc9e5e8c18be17
2016-04-26 11:50:09.469868,SEND,736655c577d2d72ef19782c957829202
2016-04-26 11:50:09.471779,SEND,2d512aa3d817d35ba9fc7e8809ade222
2016-04-26 11:50:09.473779,RECV,5059c71ff8a1fca7e23f2b48fc156d1b
2016-04-26 11:50:09.488798,SEND,1649dae2165984893eacf95ac97963c7
2016-04-26 11:50:09.501803,RECV,ee6e0149f28e861b1cae8a167bc4960b
2016-04-26 11:50:09.514645,RECV,2727589436cc400d29034bf6d59a2ba8
2016-04-26 11:50:09.529841,SEND,d9f9b1b5830caa69862d450a58872c5f
2016-04-26 11:50:09.531555,SEND,61d4c89bae969ded984ff65eb46e7602
2016-04-26 11:50:09.533834,RECV,d56f8aa40cae7cdae31423426f81b96c
2016-04-26 11:50:09.561870,RECV,dfc8d026a4239865351923714180ecad
2016-04-26 11:50:09.563873,SEND,f6f2a0e6e9db9abae2d5be4d20732386
2016-04-26 11:50:09.577162,SEND,991fb41c662673824dfc0820a4dd6145
2016-04-26 11:50:09.604883,RECV,21756add0f85088f311725b07542004e
2016-04-26 11:50:09.608914,RECV,c942e2e75b730e7005f34d2de5947dd6
2016-04-26 11:50:09.620283,SEND,5f38ab08fb58703149cafbb388fdab35
2016-04-26 11:50:09.621927,RECV,dadb69dbf83603c1d004ab2b795bae8d
2016-04-26 11:50:09.638948,SEND,3ebbd8e1cbc80ec6e02484d2edefa035
2016-04-26 11:50:09.652375,SEND,3c296505d9a9b3820a5820d932693618
2016-04-26 11:50:09.668973,RECV,164409125248addba53ab710547cc625
2016-04-26 11:50:09.679981,RECV,c72ee62f1d4bdb74e0629ca3432d62be
2016-04-26 11:50:09.682468,RECV,0f0bfef4ec88f85ed1c21fc9b2d9d8dc
2016-04-26 11:50:09.695003,SEND,3fecf5002924f2747817cb7c99db84f4
2016-04-26 11:50:09.697003,SEND,632c21cdbead83872d4c5688c86573cf
2016-04-26 11:50:09.698516,SEND,470981e6f7ea9e287b5e2eb692cae74e
2016-04-26 11:50:09.744051,RECV,7460bb6d0c19755863b41bdc358ede3f
2016-04-26 11:50:09.755057,RECV,d045f1fee756f0d29c0f344e45f5ff1b
2016-04-26 11:50:09.757061,RECV,efe829f40a1fa32bbba91d5933fa2d15
2016-04-26 11:50:09.770705,SEND,840257b599fd7a8eca42c3526ed609a6
2016-04-26 11:50:09.777731,SEND,76140fc164b1ac30b13bd442e8955abd
2016-04-26 11:50:09.802804,SEND,45fc3b25d7d4d4f7799ae55f6bfd7493
2016-04-26 11:50:09.819122,RECV,76caf908915eb2c6dbfe793376139053
2016-04-26 11:50:09.830134,RECV,3b9051818c2c5a17ce00f5a2a1a3c62c
2016-04-26 11:50:09.845938,SEND,215e242076da48c535f2890006ec81f5
2016-04-26 11:50:09.847153,RECV,365a62b3c0e75bc252f443560046ca7b
