2016-04-26 11:50:07.332644,RECV,7710730ca3cb2a843f1da01683ed6f2f
2016-04-26 11:50:07.341649,SEND,7b4a22e3fd740a91d6663d971a90cb02
2016-04-26 11:50:07.376197,RECV,e51025baff80a3a42bd36812f43d5349
2016-04-26 11:50:07.386701,SEND,b48e04909c49bbd94b6fcb1c06ec46a0
2016-04-26 11:50:07.422729,RECV,1e826841a4a908449afe044e4166309e
2016-04-26 11:50:07.431742,SEND,c30858790cc3cb7aad017d4a6bba6e05
2016-04-26 11:50:07.520843,RECV,f6fd485213886bebe4a465a8eaf3de04
2016-04-26 11:50:07.540850,SEND,c461d880401c4ea24bda5baaa8f2517d
2016-04-26 11:50:07.567874,RECV,63cfd03c0b2704b958e58156ef742779
2016-04-26 11:50:07.585897,SEND,b520ec0f34840d589989b9ebe95ef2ce
2016-04-26 11:50:07.612920,RECV,13979dba1bfc106aab850d1a53fa7268
2016-04-26 11:50:07.630943,SEND,021ff1caf39702ee1fe1671b271a0b42
2016-04-26 11:50:07.657966,RECV,eccbbc2c777174cd56b38b59f609d0f6
2016-04-26 11:50:07.675988,SEND,3fcd48b1ba45a163be587f8b0325d19e
2016-04-26 11:50:07.702712,RECV,883b6b2c262ebbbd3e251ea6fa859830
2016-04-26 11:50:07.721033,SEND,bc84ec0cb77d9d058b601c5e72551ed9
2016-04-26 11:50:07.748059,RECV,466534a64663731e2bf592053ee11416
2016-04-26 11:50:07.757070,SEND,8578f3e22515f56b5e142ef2c7ab4d93
2016-04-26 11:50:07.838144,RECV,b84d171e01ec6cbc27204b941546d54c
2016-04-26 11:50:07.855041,SEND,ba2526b6582cb0bda60255e52652c03f
2016-04-26 11:50:07.936424,RECV,478ececb45efcc8764120e978bcc2e46
2016-04-26 11:50:07.954477,SEND,f13b5472ea38f2f88cb66f6745cb1183
2016-04-26 11:50:08.010314,RECV,7478a3350d190d46755f0ddcebae5137
2016-04-26 11:50:08.019330,SEND,25dee5c383441257943a91cf122f69f6
2016-04-26 11:50:08.082388,RECV,11153ab881a548ebd7f3d1c179c128d4
2016-04-26 11:50:08.118121,SEND,3b49d585e1a0f465d8586e50470bf1c0
2016-04-26 11:50:08.172478,RECV,fe912aaacef201db4d897f311879a23d
2016-04-26 11:50:08.181494,SEND,64792c84195e95c4f9370fa17d5587a9
2016-04-26 11:50:08.217525,RECV,f7cb1d7610f9bfab04d5aae9f706b7fd
2016-04-26 11:50:08.226538,SEND,1df6ed938875035192538a388196d566
2016-04-26 11:50:08.298403,RECV,5c3bcd7de6f86c04b44a9d7117f2fa30
2016-04-26 11:50:08.315633,SEND,fb7f75a2d852be3ebb39f6f030c5abb2
2016-04-26 11:50:08.353659,RECV,113d08a2b73a84cc66e5ab5871d0ee58
2016-04-26 11:50:08.371680,SEND,6fb3e264df33e22162576d2d5f3ed94a
2016-04-26 11:50:08.443752,RECV,8ec4c5f56d6f47253379221bf15f36bf
2016-04-26 11:50:08.460765,SEND,515199b45f0243c3ee827ec91322e794
2016-04-26 11:50:08.515824,RECV,44206086f47617652d87d70feff2dd20
2016-04-26 11:50:08.551257,SEND,91deb88c8d91b0504cde48bf686e0a19
2016-04-26 11:50:08.587354,RECV,a41a7f2d4bb1dcd496562bfd64550669
2016-04-26 11:50:08.632488,SEND,1522948f4966b39d5b9d19dd7d422a67
2016-04-26 11:50:08.686654,RECV,eb2f52275c68a6a013857f8f4050ae43
2016-04-26 11:50:08.722757,SEND,ba5a72244fbb821953f93414251fa419
2016-04-26 11:50:08.787093,RECV,d28283bf7c91a1a14bd3ee24c4b36f51
2016-04-26 11:50:08.805118,SEND,9407f81a8377f70e27ff26e870cdbaec
2016-04-26 11:50:08.850157,RECV,a81712791c16cd1b41d286560d4fb0b2
2016-04-26 11:50:08.868177,SEND,e9b73dd5fbade04bda86664b870f4d57
2016-04-26 11:50:08.922226,RECV,109dac6559315a12a2496ecbb8843ff5
2016-04-26 11:50:08.941251,SEND,40cca99dbf977229ee636b35d68c35cc
2016-04-26 11:50:08.968274,RECV,6457807cc2099204773a96808405e9b7
2016-04-26 11:50:08.977284,SEND,7b4cb768f60e43f54315aef4a9a7d4c1
2016-04-26 11:50:09.013321,RECV,ed1c1e92eefe1a64f961ad946614d63c
2016-04-26 11:50:09.031345,SEND,4dee39dc5cc6498bd057e625df9d7625
2016-04-26 11:50:09.058363,RECV,3c397a95b2d3769d9c044636404c84c9
2016-04-26 11:50:09.067375,SEND,fa60761a76b59ba476d4ec6c58c7c47e
2016-04-26 11:50:09.129479,RECV,09a76268e46952a81eb0a9913bcd4d6c
2016-04-26 11:50:09.147776,SEND,175a493b651b3ce7a77a1629d5b3b7e7
2016-04-26 11:50:09.229004,RECV,812f866e2b3365a9f678dcbbe7d77513
2016-04-26 11:50:09.247061,SEND,7426e6106db832500a7e38b909b6be0d
2016-04-26 11:50:09.319266,RECV,98ef94c841d5331604382cc788366614
2016-04-26 11:50:09.364388,SEND,f7d7e11debe4fe4363a78123907796dd
2016-04-26 11:50:09.436867,RECV,4d1d83caffcf85308d1c8695265712ac
2016-04-26 11:50:09.454930,SEND,5059c71ff8a1fca7e23f2b48fc156d1b
2016-04-26 11:50:09.500072,RECV,1649dae2165984893eacf95ac97963c7
2016-04-26 11:50:09.527150,SEND,d56f8aa40cae7cdae31423426f81b96c
2016-04-26 11:50:09.581298,RECV,f6f2a0e6e9db9abae2d5be4d20732386
2016-04-26 11:50:09.599691,SEND,c942e2e75b730e7005f34d2de5947dd6
2016-04-26 11:50:09.645950,RECV,3ebbd8e1cbc80ec6e02484d2edefa035
2016-04-26 11:50:09.654967,SEND,164409125248addba53ab710547cc625
2016-04-26 11:50:09.717131,RECV,470981e6f7ea9e287b5e2eb692cae74e
2016-04-26 11:50:09.735185,SEND,7460bb6d0c19755863b41bdc358ede3f
2016-04-26 11:50:09.790094,RECV,76140fc164b1ac30b13bd442e8955abd
2016-04-26 11:50:09.807407,SEND,76caf908915eb2c6dbfe793376139053
