2016-04-26 11:50:07.162546,SEND,b4549eeadd4b3e77adb91cedbef49cd7
2016-04-26 11:50:07.184492,RECV,a357642cd54a2a51e45806453d688830
2016-04-26 11:50:07.199513,SEND,c31a41faf0638ebadc4ad354fa89a06b
2016-04-26 11:50:07.205471,SEND,67a8b06394d5135125e306d9e4b75e9a
2016-04-26 11:50:07.236542,RECV,0d60657704a8cb22d13281acb4f787b6
2016-04-26 11:50:07.251559,SEND,c152c3087900d3fbadfdfc2ad9c5082c
2016-04-26 11:50:07.273878,RECV,1744cedb1ee12cc5b55046e8481bd368
2016-04-26 11:50:07.304613,SEND,5afe3c02fd96660fa379de0422665677
2016-04-26 11:50:07.325634,RECV,ccfd59bcbf1dfc58d494014256851bea
2016-04-26 11:50:07.341651,SEND,df59f9e80e28f0561e3a9df2f0ea441f
2016-04-26 11:50:07.365070,RECV,ae0b12117c26c48754f89b212892a4b8
2016-04-26 11:50:07.386693,RECV,e2bb6c70fae5fb93a4954f64ddc6f7af
2016-04-26 11:50:07.394705,SEND,95dc159fd0d92a6a55a1c534b3c6024d
2016-04-26 11:50:07.430741,SEND,ab58f5ec07052bb7ad9a65b7997f9ea9
2016-04-26 11:50:07.462071,RECV,932e42742c144bb8e17718ad0fa703c7
2016-04-26 11:50:07.469904,RECV,8942db8f87cba3446015d0531cc23e14
2016-04-26 11:50:07.500002,SEND,9f667f7bd7763b7686fd2a3f095dbabc
2016-04-26 11:50:07.536096,SEND,df02fb9e070934a97184c90c3bff9f8e
2016-04-26 11:50:07.549202,RECV,63515f0bc0ee4ed77f3875bc59d366cd
2016-04-26 11:50:07.575891,SEND,771e246eba8cc5468fbda9c376ca5e68
2016-04-26 11:50:07.596266,RECV,336e125bb883c51b37269bb28938a932
2016-04-26 11:50:07.620926,RECV,82aa84ca98a91b57049e33fc238764a6
2016-04-26 11:50:07.641406,SEND,20d92f2ee8504a874493d4f4db3c1a57
2016-04-26 11:50:07.643950,RECV,419fdbe4a662464291b7fccec359dd45
2016-04-26 11:50:07.659458,SEND,bd1200b3c7dbac9b19f86b88d15d4f65
2016-04-26 11:50:07.665477,SEND,1f9205b60443214eb9a2ce6130c02847
2016-04-26 11:50:07.672981,RECV,deee71fba0cf04e68b5c17dc7133cc57
2016-04-26 11:50:07.689995,RECV,058e6c958dc4e7f685afcaee2ad3c063
2016-04-26 11:50:07.711015,RECV,c629ab677187e95628cec5a9034d65bd
2016-04-26 11:50:07.717027,SEND,b66424b369d048bbe534098e34f5c0cb
2016-04-26 11:50:07.734703,SEND,6c86f25d56a182685a29bcf284ee4ec5
2016-04-26 11:50:07.756065,SEND,db09646daf391467ee37bc371de03655
2016-04-26 11:50:07.761788,RECV,68941c83ff472011d0d6b475e1ca3b7e
2016-04-26 11:50:07.764772,RECV,7b0e3416585b8cd8955d27a431976b48
2016-04-26 11:50:07.810343,SEND,8fd0159a6456677896c95207f258881d
2016-04-26 11:50:07.823134,SEND,1a2336ff3e835e800eccb67850d477fb
2016-04-26 11:50:07.831136,RECV,08da119072fc3f93aded34154858e90c
2016-04-26 11:50:07.841258,RECV,534b9b13160477888c534856e04639c7
2016-04-26 11:50:07.850163,SEND,3fa710511af7edaadc1733cfcb01452e
2016-04-26 11:50:07.853160,RECV,0d81af08031476de0b8000a6165a531d
2016-04-26 11:50:07.856376,SEND,f0866fec06951c95712502dc6f75b040
2016-04-26 11:50:07.883192,SEND,5a89e4eaddc8f6778b5648ed2a430dbf
2016-04-26 11:50:07.886191,RECV,aa6511cb9e66e54a7b3924e820ca8c76
2016-04-26 11:50:07.907219,RECV,eb2403956eb8271ca0ed083872ff8af0
2016-04-26 11:50:07.914223,RECV,a8760c7f34d48b5194eb7e76bfae638b
2016-04-26 11:50:07.915248,SEND,0a571497841ed044a4cf675140b416ed
2016-04-26 11:50:07.945254,RECV,2f02ce2b42eccce37fc98a8edc32ba97
2016-04-26 11:50:07.967277,SEND,e3d9602b5572be4f7876e82922ce4366
2016-04-26 11:50:07.974284,SEND,9af6bfa42949f4f57f6a32755d5acbcc
2016-04-26 11:50:07.976281,SEND,3ac04fb354c93a8f6cc37c6c26e00e5d
2016-04-26 11:50:08.004307,RECV,1d93d44f52240da612d8c0a24be3e3c2
2016-04-26 11:50:08.009556,RECV,f722317044f24f39ffa636fdf1132844
2016-04-26 11:50:08.027332,RECV,13c30cd4fe904851c3f2529cf739e243
2016-04-26 11:50:08.047793,SEND,6d8810d6dd542dc2f13582b1a0bab142
2016-04-26 11:50:08.072382,SEND,0f47caba704c3ea7d760cb6e441e2144
2016-04-26 11:50:08.087646,SEND,b84641cee37eaddd4ca13b2bec80403b
2016-04-26 11:50:08.109415,RECV,ea679884ac24637ddbd37ec7f058d372
2016-04-26 11:50:08.117691,RECV,2d136077b744ef67cb6d52ea12d2d7e7
2016-04-26 11:50:08.117424,RECV,ad889e0c55869b38f9e9652f7203c9c8
2016-04-26 11:50:08.154466,SEND,6d45adfea04763e52f29c4c7e4a76a1a
2016-04-26 11:50:08.163735,SEND,f442432403afc9a5928b1489f0ef4ffe
2016-04-26 11:50:08.162475,SEND,22302faf47e8c3794d079f6d423f59ad
2016-04-26 11:50:08.199508,RECV,2aef90ff972aac655c44470b8c176620
2016-04-26 11:50:08.213746,RECV,85839808e1b3d8122c4e84957d622571
2016-04-26 11:50:08.214523,SEND,50e64e1118c7037ae2360329b9fdf8f7
2016-04-26 11:50:08.229564,SEND,b9c5b3ec52ecc48df18389b58e5323f4
2016-04-26 11:50:08.223223,RECV,174b08ba4549ff0cbb9918a852f544ee
2016-04-26 11:50:08.244551,RECV,e0ebf83b0057a25efe86180c0039915d
2016-04-26 11:50:08.258793,RECV,37c3a80832003e1bb122ebdc6bedac18
2016-04-26 11:50:08.257177,SEND,360933c924e44a6d60ebd00603ade8eb
2016-04-26 11:50:08.275587,SEND,a53364bee876a8d1856b5f4f9ccce2ff
2016-04-26 11:50:08.291823,SEND,8969c238ba9b691718da61086bddeec5
2016-04-26 11:50:08.318886,RECV,a71eea1c3f4c0e0de56c125feeade6ae
2016-04-26 11:50:08.335644,SEND,1fff572f3ee367b0458cf20fcf8e7490
2016-04-26 11:50:08.336641,RECV,d70c8eb23f922e50669bb6ec16b1c50d
2016-04-26 11:50:08.343648,RECV,c51f401a957f8ba818d5075ad49c5732
2016-04-26 11:50:08.358671,SEND,e362a340f7b1cb7fd082953def6babc3
2016-04-26 11:50:08.379081,RECV,c1c4afa7381ab3de630f9e991d3e3a7d
2016-04-26 11:50:08.383991,SEND,d604f9c2493f3ff342b6c8fb677add26
2016-04-26 11:50:08.410721,SEND,00d850c02d84de2f9dd01ba1729f0433
2016-04-26 11:50:08.411717,RECV,d38d880bea660848f290ba77ae2a6073
2016-04-26 11:50:08.426736,SEND,31f1168d19c4e33e2da6dbed41b30728
2016-04-26 11:50:08.437745,RECV,0cd399f0c9f44fce8fc2674bcab1955e
2016-04-26 11:50:08.454761,RECV,d94164daae0ce4ff483a0932217ebe6f
2016-04-26 11:50:08.470487,SEND,f1403316b51cc9ced21b3f4daa1fe02a
2016-04-26 11:50:08.473780,RECV,b689f5bb6a94ea35eb6442f529fb12ba
2016-04-26 11:50:08.478794,SEND,47048e0c8509f6f6a55732c4f1a62748
2016-04-26 11:50:08.500809,RECV,e2852bd4c172607c10bff2d60d43c6ca
2016-04-26 11:50:08.515826,SEND,1f4e5d005472c73126ad4e085a52a9b6
2016-04-26 11:50:08.516519,SEND,deccaf1f58bd11794a8f371da33e8e2d
2016-04-26 11:50:08.546855,RECV,7bb63f72362565dd116fbd87e5b5a879
2016-04-26 11:50:08.553628,RECV,07b19f7646120af66f16c84e55a3945a
2016-04-26 11:50:08.560865,RECV,fceff7bcdea101b4bdbaf3742f52d781
2016-04-26 11:50:08.568880,SEND,3eb48ad7a8653964d621941ead66df19
2016-04-26 11:50:08.590900,SEND,8a47ab8d031a78a0b3078dad554bd375
2016-04-26 11:50:08.591901,SEND,cfcb9670bb263362dff89cd23b958ae3
2016-04-26 11:50:08.617927,RECV,a977f74346c565b5746162102952da88
2016-04-26 11:50:08.621924,RECV,369823f85974e386fe581aac97562416
2016-04-26 11:50:08.634849,RECV,1dcd74da36cc46c69a3e776a519d8b1f
2016-04-26 11:50:08.637854,SEND,8cde20f1f588bec9e7c7a84717bef6a4
2016-04-26 11:50:08.650957,SEND,2da7cb7aee4bcf0d10f021416a25ee62
2016-04-26 11:50:08.658966,SEND,477fc1ec3334177988d7abfea5b5aa99
2016-04-26 11:50:08.668971,RECV,e8d5faad8f5032ee45cb4baddb6e99e3
2016-04-26 11:50:08.689995,RECV,1102ed1525a5233ea0729bd9c08228d7
2016-04-26 11:50:08.697002,RECV,510e22f5285c1f48f327c4c461ef74ea
2016-04-26 11:50:08.698023,SEND,a2e6549b303e7e28796d2aeb418dda7a
2016-04-26 11:50:08.705015,SEND,00752eb22592bb28dc5764bdda41d7f0
2016-04-26 11:50:08.712022,SEND,d891618b9efead69dfe69c64d279fe11
2016-04-26 11:50:08.728033,RECV,8336676897d16ec5cac77a13243c5d15
2016-04-26 11:50:08.750053,RECV,96402729a464e18a4641f79f764cbd79
2016-04-26 11:50:08.760065,SEND,ffaf1a3bff7b0f2301416a17375e0866
2016-04-26 11:50:08.769073,SEND,2117a0c09bbc3b2181201b8ea138b51c
2016-04-26 11:50:08.787092,RECV,a1349666971d755a2b41b014dfc7e90c
2016-04-26 11:50:08.788095,RECV,7c82b0ec825a3dea2bc9ae915fd7cde7
2016-04-26 11:50:08.803373,SEND,0b74ae669f04bb73351b3bab733e21e2
2016-04-26 11:50:08.815414,SEND,144a488ad5b773859661a1b3dad62c3a
2016-04-26 11:50:08.810114,RECV,c701d41a74ad9bdb9f241444bbc52a24
2016-04-26 11:50:08.850154,RECV,3088d0e13f11bbaaff11b435f0b64def
2016-04-26 11:50:08.858855,SEND,21b53acc09bd4dbda17ba92a0dfc8b7f
2016-04-26 11:50:08.860548,RECV,9569001f560f41e253d3693da9fac39a
2016-04-26 11:50:08.865169,SEND,6be719d82c453bd5a149804cf641940e
2016-04-26 11:50:08.896192,RECV,b75d8a10b3a4933a6b05571e64d7aba6
2016-04-26 11:50:08.907217,SEND,41617e456f0c5c9bed6b353365e63f71
2016-04-26 11:50:08.911692,SEND,c58f5e7adc9748dc7b580d5f838e074a
2016-04-26 11:50:08.930237,RECV,563b8a63ce855d7ed43d870901e1003c
2016-04-26 11:50:08.949664,SEND,b965f35cd7a8c4c8332f6c077495ec6c
2016-04-26 11:50:08.952260,RECV,c313faefff7d17ec52cf57a328a6cbcc
2016-04-26 11:50:08.969273,RECV,2a944417e1ba77cf3716736c0c0e6c4d
2016-04-26 11:50:08.990295,RECV,150a59ff22f9562515f73ce9c1667389
2016-04-26 11:50:09.000690,SEND,9d713f17eede60eecfb244ae217958ec
2016-04-26 11:50:09.005404,SEND,94d0d851c94762b2be0b800000f47cd4
2016-04-26 11:50:09.012325,SEND,efe46f0339181af9fb80c88e46113992
2016-04-26 11:50:09.035341,RECV,db4802e497f484483f8358ea46e87a34
2016-04-26 11:50:09.042349,RECV,82637819223b6eb9e973be079d502fbe
2016-04-26 11:50:09.043348,RECV,9e27fc727ce3f1667b430749acc47899
2016-04-26 11:50:09.054169,SEND,9af51dcb82c52230c53689ba0d4f725a
2016-04-26 11:50:09.073381,SEND,c802d21710017d80b31ce31f3c5f5337
2016-04-26 11:50:09.090714,SEND,4b7b5660066c3b2c7266d8a88f8a7e82
2016-04-26 11:50:09.103415,RECV,f7c35203a504943f90e834fec8ee6442
2016-04-26 11:50:09.131408,RECV,bbfccd06ca720f96423c3d8e4d8680af
2016-04-26 11:50:09.133444,SEND,5ed717833567d2d9277695614c11d047
2016-04-26 11:50:09.163472,SEND,38fdb3280f833138c0307fedc6442b5b
2016-04-26 11:50:09.165470,RECV,ff088a5dfadc7a04a68bd8a2817b65e8
2016-04-26 11:50:09.179535,SEND,c3281e5b8cfedc5eb63560c9136c7e24
2016-04-26 11:50:09.185558,RECV,7231f75cbc48d05640c5e195c396be3b
2016-04-26 11:50:09.193498,RECV,3a869375ea14f7f431919b68f0968826
2016-04-26 11:50:09.208521,SEND,feddda3a891aa92aac5b16f379b999eb
2016-04-26 11:50:09.216526,SEND,c7a0a71833da909b966521dba376ccd9
2016-04-26 11:50:09.224530,RECV,0cf992d649b681e9c8cf0ab2b82fe3d4
2016-04-26 11:50:09.238549,RECV,7f2aef5d5f1efb526055e4455aa15e21
2016-04-26 11:50:09.239547,SEND,378dcdc2edb6cce4f9cfbe8af2a33ef1
2016-04-26 11:50:09.269576,RECV,3c82076c5bfa6dda3193ffb2175d1898
2016-04-26 11:50:09.275846,RECV,c15f8cbc9f9b16e4dd96c009c7aad345
2016-04-26 11:50:09.296910,SEND,e2f3d4838fc081930a8e85874998933b
2016-04-26 11:50:09.309958,SEND,d92c2615f5706ad9e14688e442e950c9
2016-04-26 11:50:09.329037,SEND,f397fc03036e137a175a39518f5aedb3
2016-04-26 11:50:09.357081,RECV,37a53a206bebb3d497bd795b64abad20
2016-04-26 11:50:09.360665,RECV,54ee054357c094702e8b129a2bfa9da5
2016-04-26 11:50:09.381686,RECV,65928b7157f7b6746d61fc377f3a75e9
2016-04-26 11:50:09.402230,SEND,5d167c0bd8e75ed9c089e8054b13a9c5
2016-04-26 11:50:09.404717,SEND,e34718cc84a54a67f5270d9e59adb0ff
2016-04-26 11:50:09.411273,SEND,e98c6620a6d317280cd20b686d0c90a3
2016-04-26 11:50:09.434743,RECV,58c1125b3e67f6b1953e1d463c2df9d3
2016-04-26 11:50:09.441747,RECV,076717ee1502eab8904220e2a0d9d47f
2016-04-26 11:50:09.456768,SEND,e11d7cab6c5bb72597a85a1dcf264a72
2016-04-26 11:50:09.464776,SEND,b4a0b116dbabd41d0d836ae7f85fee01
2016-04-26 11:50:09.477783,RECV,e16e4003fc075ba66bb544f8012e3050
2016-04-26 11:50:09.490796,RECV,63756b2e19b8aad5dc37f8abd9047b9d
2016-04-26 11:50:09.494802,RECV,e23af9abfca708098675b28620571edb
2016-04-26 11:50:09.508822,SEND,63bf5b4b9dd29eefc6ca89cf7de228f9
2016-04-26 11:50:09.517541,SEND,99b0001f8a8998d5c2dee02af65da33b
2016-04-26 11:50:09.525655,SEND,d35d0913d3a0d7358e8723ffcd2b4782
2016-04-26 11:50:09.538844,RECV,207470a3c673b4e84d4ca233a4dbc4b2
2016-04-26 11:50:09.555861,RECV,bb7539679091c34c0b3af633e75b2aac
2016-04-26 11:50:09.561866,RECV,3c88a07e818e8b4349f416605e4f0aac
2016-04-26 11:50:09.567795,SEND,c603ee73ebf668161b5dde4c5f40eb68
2016-04-26 11:50:09.570801,SEND,5d367f93c60498992ffd2bae80211438
2016-04-26 11:50:09.591885,SEND,df0dec7b7ad792a547da5c20de3fc11f
2016-04-26 11:50:09.598904,RECV,53a23d061e7fdb1801b3e709f8fc77fb
2016-04-26 11:50:09.599907,RECV,eb79af96e2bca011737ed888fa69369c
2016-04-26 11:50:09.625952,RECV,a49eee7aea6228386d8362e930b3ce64
2016-04-26 11:50:09.630960,SEND,098112b3d2607718bde99936e288d8cc
2016-04-26 11:50:09.674984,SEND,7076e179f5cbfd72ec9b4aa982999569
2016-04-26 11:50:09.675377,RECV,f6e57f5b0722d2421bfdee6de8a75fe8
2016-04-26 11:50:09.682107,SEND,63e0c008740029e045db67bde07b1a3e
2016-04-26 11:50:09.690996,SEND,25d4fd782dc0931e2d8d29c7b002e2c8
2016-04-26 11:50:09.720025,RECV,9881bc221a4f44e1c00d51061e88ba53
2016-04-26 11:50:09.721027,RECV,0720f838b922b86313c993fdc540c39d
2016-04-26 11:50:09.727251,RECV,4493f8a5cdb9a5dbb9469e9e97eea6c5
2016-04-26 11:50:09.766355,SEND,a6306a5384161eaa1d0d6bfc0941a3cb
2016-04-26 11:50:09.780089,SEND,fce2cf4587e1d382f1ea8496ade99df1
2016-04-26 11:50:09.787415,SEND,58b7fd583ef786bd9788f90007668a54
2016-04-26 11:50:09.796102,RECV,8acaba3104dda542d208ec73793af32b
2016-04-26 11:50:09.809809,RECV,163f4214f2d9604ff8bae2febb6f8e4f
2016-04-26 11:50:09.811117,SEND,9ec6c11df652fe8a04e731ed7ed46020
2016-04-26 11:50:09.838583,SEND,55dabe69cfd798940aa90a58f71403cf
2016-04-26 11:50:09.848155,RECV,ce7a01abb735cde3ff107df2904dfce3
2016-04-26 11:52:44.568454,SEND,5b107d3aed5eec78542cb6b0dc0b80f2
