2016-04-26 11:50:07.226170,RECV,cbc7761e452ef569f5ba65fe8e83d6b3
2016-04-26 11:50:07.262572,SEND,d365719dca2be72c8f838286204652ac
2016-04-26 11:50:07.298605,RECV,03359b2e36542f96236348e31bf27a0c
2016-04-26 11:50:07.316432,SEND,27b3204a070a10c4c9f4ba7c40f12676
2016-04-26 11:50:07.388693,RECV,e6097c60767cf8e00c02e514d8f67e86
2016-04-26 11:50:07.397707,SEND,812f5a02f918c4620df551f6236d0cee
2016-04-26 11:50:07.433742,RECV,9330edefc83835fce995fe039e63dc81
2016-04-26 11:50:07.445758,SEND,6efb92a85e5686429242d1a0d844f837
2016-04-26 11:50:07.479291,RECV,6fbc658726a69331145a881df32ab3ef
2016-04-26 11:50:07.490798,SEND,bc019fd46a6b62676f03739d32d1b9c9
2016-04-26 11:50:07.526836,RECV,688b94926f7445a5672912c4dbfcef48
2016-04-26 11:50:07.551863,SEND,2332674b468887f8048e4ab118649446
2016-04-26 11:50:07.598268,RECV,1fe534a1752746b8f3b1efc28df0ab4e
2016-04-26 11:50:07.634337,SEND,3dc0315b5b0604fd157f25eafe68b9ec
2016-04-26 11:50:07.671912,RECV,083efb793f39b0a8cb78ab459cf69dfd
2016-04-26 11:50:07.677987,SEND,f8b41f2d9d4c1fed62e0d7c65adf9592
2016-04-26 11:50:07.750056,RECV,457aef8ec44562e082ca076e2f7842c9
2016-04-26 11:50:07.768023,SEND,acb5f65b0de578d6bf89027a66a26524
2016-04-26 11:50:07.849515,RECV,3e46f16216ceb4c9feab7239bc51c884
2016-04-26 11:50:07.859167,SEND,aa03485f94406dd64b7dcfd7c12915b8
2016-04-26 11:50:07.897204,RECV,b8a33898a970454f8ff665f05f90e154
2016-04-26 11:50:07.921699,SEND,5a6370338fe3e32cae5ca3a017d39143
2016-04-26 11:50:07.958267,RECV,358d50b84f812a8ea3bb98779c53f9be
2016-04-26 11:50:07.987299,SEND,a555b39cd6d00c275bc3b282753a337b
2016-04-26 11:50:08.048354,RECV,7e675e3b737b509e755ef92529205e1f
2016-04-26 11:50:08.057367,SEND,20540883eb583c17921be0e7cba1aa30
2016-04-26 11:50:08.111417,RECV,e9527539014515f32c7ee96b6a408166
2016-04-26 11:50:08.133377,SEND,c717468b61e89e62e484adb0a1a79c2d
2016-04-26 11:50:08.202208,RECV,d13c599093737d0a7e8ad3a26811270e
2016-04-26 11:50:08.238550,SEND,ee52f71e1cdd11e703201b358fbe821c
2016-04-26 11:50:08.292297,RECV,188a35ee4103ee58e68fe413b8344655
2016-04-26 11:50:08.319631,SEND,444de5a084a9e2b2de009a5694b27306
2016-04-26 11:50:08.348653,RECV,fd0e3094784f99f2c665a8cc040abd20
2016-04-26 11:50:08.373686,SEND,fedb074b38c53b78b93a9615f524ed3f
2016-04-26 11:50:08.429735,RECV,eacb36d2c0c75524d4e3bf025d674e16
2016-04-26 11:50:08.454765,SEND,bac652ce8a9571f1d2f0c531f799b899
2016-04-26 11:50:08.484790,RECV,dd2b4fb3b0953bd520c543a90d99b20d
2016-04-26 11:50:08.500814,SEND,2050c9673273902ef939cd3fac46ce56
2016-04-26 11:50:08.529604,RECV,9ade8585f4de9d3b0325efce443433c1
2016-04-26 11:50:08.545858,SEND,49180aeb62819195c7889d23bbda5ab6
2016-04-26 11:50:08.590898,RECV,de5189d053dcd30802c0f631d8ffdc2b
2016-04-26 11:50:08.601319,SEND,2180cf8e7d63ffb1a94d0aaa9c2ae6bc
2016-04-26 11:50:08.653561,RECV,363aebebb2bcd8d95762bab6ea8112e3
2016-04-26 11:50:08.680997,SEND,7551d98b9f16b889c3a2c36c8234e167
2016-04-26 11:50:08.773235,RECV,195f3e5b97921878d83f0d6da38db417
2016-04-26 11:50:08.807118,SEND,a4833beec5324f794274b7ac9f4a3e4e
2016-04-26 11:50:08.852156,RECV,8815aa6393b0a7501b492e9196bd35a2
2016-04-26 11:50:08.870182,SEND,5f7a595655a36b8458709c3f5cf17286
2016-04-26 11:50:08.926984,RECV,204eb84886e20d2ee7d3486ccb1af714
2016-04-26 11:50:08.951262,SEND,576b9ee97d441d94ae7f89902465bb36
2016-04-26 11:50:08.987294,RECV,d9c4a536ae49c703532d7dc7721e00e5
2016-04-26 11:50:08.998311,SEND,be9e744d61bf932d3160d79fa2c6c8a5
2016-04-26 11:50:09.032338,RECV,a24ef4dd44932eaaa4b0299084815877
2016-04-26 11:50:09.050364,SEND,b4195c3f31d3171cfea8f7e4ca7fcfff
2016-04-26 11:50:09.105411,RECV,2d886042d06def49746c6a05d3fc6007
2016-04-26 11:50:09.114425,SEND,29ab2a43770f2878df1be41d8e585d97
2016-04-26 11:50:09.150455,RECV,f7acee18def825fd36a299432c09851e
2016-04-26 11:50:09.167619,SEND,4855465a419b9520654a9818528c69ee
2016-04-26 11:50:09.203718,RECV,bcb0d86d451448db256ea7e81aaf7e0c
2016-04-26 11:50:09.221768,SEND,7154dabd50d408057076a30932ce3aa4
2016-04-26 11:50:09.258261,RECV,7f1b958f31095df3b3ad023afe9ff071
2016-04-26 11:50:09.275907,SEND,f61f6505812fd0121a70026f3a0031f5
2016-04-26 11:50:09.330636,RECV,64eef4942799463bb1eefc4aabd9968a
2016-04-26 11:50:09.357668,SEND,6b034b55c5399b491cf3ba3b0cac18a0
2016-04-26 11:50:09.420731,RECV,771ce5185c47c160af3509c55f3a6784
2016-04-26 11:50:09.431736,SEND,ec907481fdb451ba9610ee62b17d0566
2016-04-26 11:50:09.465770,RECV,1fdf556d54a9492d351af92e57b057ab
2016-04-26 11:50:09.474784,SEND,a4e411b47ff4bbb092aa06750e8b2dd1
2016-04-26 11:50:09.510816,RECV,7ba52b61a001f463e8b94b415e402918
2016-04-26 11:50:09.519830,SEND,5aa49f3845e0a8581cc6f11345cf1d7a
2016-04-26 11:50:09.557862,RECV,b08f0222265025d96229764cb9b8beb5
2016-04-26 11:50:09.573884,SEND,2e54ebaa5b52f730527736db5370121d
2016-04-26 11:50:09.600910,RECV,e77ef8ca81af33d00eb1caeef54285a2
2016-04-26 11:50:09.618835,SEND,6309371c8e2e3709ae3506441167bc43
2016-04-26 11:50:09.655198,RECV,829b7c358e76f770ff6f5fc90b4302db
2016-04-26 11:50:09.682278,SEND,93bf58a98a51467b5e9f77e714894bd6
2016-04-26 11:50:09.721028,RECV,35b0ecb65a3b3fb3344392ddf4c839f5
2016-04-26 11:50:09.737048,SEND,232951faf94f7de8a5195c762acd0b7d
2016-04-26 11:50:09.800107,RECV,812e61626ab5c8bdbb52d120e08aa286
2016-04-26 11:50:09.811123,SEND,bbd03d9bd283db7db51b31fa38e6b44a
2016-04-26 11:50:09.845149,RECV,b6b11e6b8f7c93111aee0759c6f2709e
2016-04-26 11:50:09.855978,SEND,e846ecc1580cf4ce81b372be4217ae74
