2016-04-26 11:50:07.617924,RECV,b4549eeadd4b3e77adb91cedbef49cd7
2016-04-26 11:50:07.627229,SEND,419fdbe4a662464291b7fccec359dd45
2016-04-26 11:50:07.663858,RECV,bd1200b3c7dbac9b19f86b88d15d4f65
2016-04-26 11:50:07.672354,SEND,058e6c958dc4e7f685afcaee2ad3c063
2016-04-26 11:50:07.744055,RECV,6c86f25d56a182685a29bcf284ee4ec5
2016-04-26 11:50:07.753064,SEND,7b0e3416585b8cd8955d27a431976b48
2016-04-26 11:50:07.817123,RECV,8fd0159a6456677896c95207f258881d
2016-04-26 11:50:07.834857,SEND,534b9b13160477888c534856e04639c7
2016-04-26 11:50:07.861939,RECV,f0866fec06951c95712502dc6f75b040
2016-04-26 11:50:07.879993,SEND,aa6511cb9e66e54a7b3924e820ca8c76
2016-04-26 11:50:07.925230,RECV,0a571497841ed044a4cf675140b416ed
2016-04-26 11:50:07.934241,SEND,2f02ce2b42eccce37fc98a8edc32ba97
2016-04-26 11:50:07.988294,RECV,3ac04fb354c93a8f6cc37c6c26e00e5d
2016-04-26 11:50:07.999304,SEND,f722317044f24f39ffa636fdf1132844
2016-04-26 11:50:08.089395,RECV,b84641cee37eaddd4ca13b2bec80403b
2016-04-26 11:50:08.096852,SEND,2d136077b744ef67cb6d52ea12d2d7e7
2016-04-26 11:50:08.168474,RECV,f442432403afc9a5928b1489f0ef4ffe
2016-04-26 11:50:08.186493,SEND,85839808e1b3d8122c4e84957d622571
2016-04-26 11:50:08.224530,RECV,b9c5b3ec52ecc48df18389b58e5323f4
2016-04-26 11:50:08.231544,SEND,37c3a80832003e1bb122ebdc6bedac18
2016-04-26 11:50:08.286591,RECV,8969c238ba9b691718da61086bddeec5
2016-04-26 11:50:08.322635,SEND,d70c8eb23f922e50669bb6ec16b1c50d
2016-04-26 11:50:08.394701,RECV,d604f9c2493f3ff342b6c8fb677add26
2016-04-26 11:50:08.405711,SEND,d38d880bea660848f290ba77ae2a6073
2016-04-26 11:50:08.441130,RECV,31f1168d19c4e33e2da6dbed41b30728
2016-04-26 11:50:08.468786,SEND,b689f5bb6a94ea35eb6442f529fb12ba
2016-04-26 11:50:08.521449,RECV,deccaf1f58bd11794a8f371da33e8e2d
2016-04-26 11:50:08.530474,SEND,7bb63f72362565dd116fbd87e5b5a879
2016-04-26 11:50:08.601908,RECV,cfcb9670bb263362dff89cd23b958ae3
2016-04-26 11:50:08.611714,SEND,369823f85974e386fe581aac97562416
2016-04-26 11:50:08.646954,RECV,8cde20f1f588bec9e7c7a84717bef6a4
2016-04-26 11:50:08.655966,SEND,e8d5faad8f5032ee45cb4baddb6e99e3
2016-04-26 11:50:08.710017,RECV,a2e6549b303e7e28796d2aeb418dda7a
2016-04-26 11:50:08.720690,SEND,8336676897d16ec5cac77a13243c5d15
2016-04-26 11:50:08.765070,RECV,ffaf1a3bff7b0f2301416a17375e0866
2016-04-26 11:50:08.774085,SEND,7c82b0ec825a3dea2bc9ae915fd7cde7
2016-04-26 11:50:08.811115,RECV,0b74ae669f04bb73351b3bab733e21e2
2016-04-26 11:50:08.838210,SEND,3088d0e13f11bbaaff11b435f0b64def
2016-04-26 11:50:08.874178,RECV,6be719d82c453bd5a149804cf641940e
2016-04-26 11:50:08.883345,SEND,b75d8a10b3a4933a6b05571e64d7aba6
2016-04-26 11:50:08.919224,RECV,c58f5e7adc9748dc7b580d5f838e074a
2016-04-26 11:50:08.955569,SEND,2a944417e1ba77cf3716736c0c0e6c4d
2016-04-26 11:50:09.009314,RECV,9d713f17eede60eecfb244ae217958ec
2016-04-26 11:50:09.027336,SEND,9e27fc727ce3f1667b430749acc47899
2016-04-26 11:50:09.081387,RECV,c802d21710017d80b31ce31f3c5f5337
2016-04-26 11:50:09.090399,SEND,f7c35203a504943f90e834fec8ee6442
2016-04-26 11:50:09.144449,RECV,5ed717833567d2d9277695614c11d047
2016-04-26 11:50:09.154161,SEND,ff088a5dfadc7a04a68bd8a2817b65e8
2016-04-26 11:50:09.189498,RECV,c3281e5b8cfedc5eb63560c9136c7e24
2016-04-26 11:50:09.208305,SEND,0cf992d649b681e9c8cf0ab2b82fe3d4
2016-04-26 11:50:09.244549,RECV,378dcdc2edb6cce4f9cfbe8af2a33ef1
2016-04-26 11:50:09.253426,SEND,3c82076c5bfa6dda3193ffb2175d1898
2016-04-26 11:50:09.334633,RECV,f397fc03036e137a175a39518f5aedb3
2016-04-26 11:50:09.352659,SEND,54ee054357c094702e8b129a2bfa9da5
2016-04-26 11:50:09.415677,RECV,e34718cc84a54a67f5270d9e59adb0ff
2016-04-26 11:50:09.424840,SEND,58c1125b3e67f6b1953e1d463c2df9d3
2016-04-26 11:50:09.469771,RECV,b4a0b116dbabd41d0d836ae7f85fee01
2016-04-26 11:50:09.478786,SEND,e23af9abfca708098675b28620571edb
2016-04-26 11:50:09.532837,RECV,d35d0913d3a0d7358e8723ffcd2b4782
2016-04-26 11:50:09.542199,SEND,bb7539679091c34c0b3af633e75b2aac
2016-04-26 11:50:09.578882,RECV,5d367f93c60498992ffd2bae80211438
2016-04-26 11:50:09.586895,SEND,eb79af96e2bca011737ed888fa69369c
2016-04-26 11:50:09.641946,RECV,098112b3d2607718bde99936e288d8cc
2016-04-26 11:50:09.660491,SEND,f6e57f5b0722d2421bfdee6de8a75fe8
2016-04-26 11:50:09.696001,RECV,25d4fd782dc0931e2d8d29c7b002e2c8
2016-04-26 11:50:09.705643,SEND,0720f838b922b86313c993fdc540c39d
2016-04-26 11:50:09.777081,RECV,a6306a5384161eaa1d0d6bfc0941a3cb
2016-04-26 11:50:09.786884,SEND,8acaba3104dda542d208ec73793af32b
2016-04-26 11:50:09.822125,RECV,9ec6c11df652fe8a04e731ed7ed46020
2016-04-26 11:50:09.860265,SEND,cda986ede50647f594504ab84b0651a0
