2016-04-26 11:50:07.151069,SEND,591d42900cf772050c24c5dd9288fb31
2016-04-26 11:50:07.216927,RECV,b8139e60982324e1a039e3e613061afe
2016-04-26 11:50:07.228538,SEND,2cf87d9cb61e57932409bdffce97b245
2016-04-26 11:50:07.230544,SEND,265b927adb9266de23d9b9fde212ca35
2016-04-26 11:50:07.307614,RECV,6132dbfee66e078c728c9eded5d61a8e
2016-04-26 11:50:07.322627,SEND,09d4870d4f09eb9bd3f89ae726b52085
2016-04-26 11:50:07.322629,RECV,6b679dd9e82a40b14582a66ba56f2c7c
2016-04-26 11:50:07.348396,SEND,12924a54e573e0011fb69e364cb08315
2016-04-26 11:50:07.374702,RECV,5533e88778ec7bd2298b2ba7a6a6af9b
2016-04-26 11:50:07.387691,RECV,ae308806ee316b8510f7ceff22c00192
2016-04-26 11:50:07.398710,SEND,8231541d718fd878fa7369dc21aa3fa9
2016-04-26 11:50:07.437748,RECV,d604148e4a04805ced683f17d78a0c30
2016-04-26 11:50:07.452764,SEND,15eef1202a61e0f737ffcb6d22366c0b
2016-04-26 11:50:07.463774,SEND,46b4c1cdd9133e47386462cf493873df
2016-04-26 11:50:07.503809,RECV,5efd7fcee536312ad621a66fbb733dbf
2016-04-26 11:50:07.518823,SEND,1987582da37799a585ba12f3b9b1f0fc
2016-04-26 11:50:07.521825,RECV,65b8ef27acff89051ec8fdbd3944d50e
2016-04-26 11:50:07.570013,SEND,e5aad5a14167cb8def911f9ba323252c
2016-04-26 11:50:07.581289,RECV,b132a3084e0049e11eec5d0b8dab01f3
2016-04-26 11:50:07.610753,SEND,a148d9e0b362f2a0a5f2c7f387f52859
2016-04-26 11:50:07.659966,RECV,d97274f80cf59cedb86dd26b77f66ab0
2016-04-26 11:50:07.673248,SEND,693a469e808a6b410162c1acd8398d22
2016-04-26 11:50:07.713344,RECV,f62d408011a89b06ca1caa82945cd707
2016-04-26 11:50:07.725033,RECV,50e88b9b499828f2eadab277eac38e54
2016-04-26 11:50:07.740046,SEND,500d0e39faead9169217ea7a9afaeca0
2016-04-26 11:50:07.751061,SEND,51ed3a6d9b09b9035cc022aa7c5d1ad8
2016-04-26 11:50:07.791092,RECV,964c11ad24ff2e8866969541021e79c2
2016-04-26 11:50:07.804509,SEND,ac4f0c18d59db9c7e70b4220a4c35074
2016-04-26 11:50:07.808113,RECV,fcce03bc8a40de3ecc804e2bffd3ee1c
2016-04-26 11:50:07.831839,SEND,5650b47634a463629ac4c893b8cff9e9
2016-04-26 11:50:07.843153,RECV,b99351d25b82ceff630214dfbbccd877
2016-04-26 11:50:07.856296,SEND,9c62383d76d1305cd2a75bb1d3510cb1
2016-04-26 11:50:07.871179,RECV,03fc144303d0b01592e82715a9b056d0
2016-04-26 11:50:07.899667,SEND,01afca4a6fb08425552f50e5eace95e3
2016-04-26 11:50:07.934240,RECV,fac1dab47838d7905a903c2625ea4a2c
2016-04-26 11:50:07.963002,SEND,d77d5de0da04f829a0b4b218c9f191e5
2016-04-26 11:50:07.974599,RECV,e34348bf0caf5d442cd1e6b1ae2a7fb6
2016-04-26 11:50:07.986298,RECV,d0f37cade076797e92474298a2bf0e65
2016-04-26 11:50:07.988298,SEND,f90c63572666d0fb3997c3d36c05e4f1
2016-04-26 11:50:08.012724,SEND,37f2115c0bc35de119b67d069b52f76a
2016-04-26 11:50:08.040353,RECV,ad903046034bc5d3725e595e83aea635
2016-04-26 11:50:08.064371,RECV,c0921b420ea20ee4b3a2d79f3ca29b36
2016-04-26 11:50:08.068894,SEND,933b1564de41c3e276c3a039690dcf58
2016-04-26 11:50:08.104002,SEND,5869b02706311e3a4abec56d7760ef35
2016-04-26 11:50:08.131438,RECV,543a319a96431c2f84742c3e946c255c
2016-04-26 11:50:08.144459,SEND,ed6a865c0a0d948bf5311f25f3e2141d
2016-04-26 11:50:08.155461,RECV,bb3e3a0c25fab0d6691b04ba22c5e08e
2016-04-26 11:50:08.169192,SEND,cda02959735d6ae6edde9152a4cb942e
2016-04-26 11:50:08.183492,RECV,f524fefb779b6d881c8edb60308daef5
2016-04-26 11:50:08.207513,RECV,34e4e6ed84fd9ef9d6c6555dafd32e62
2016-04-26 11:50:08.212517,SEND,c19364cf920c3024097f6a3041f14e34
2016-04-26 11:50:08.234541,SEND,e18b066330588213602f6daaef690a47
2016-04-26 11:50:08.261567,RECV,1cc0b3c9f99f7e7095f04086207ac4c7
2016-04-26 11:50:08.273578,RECV,8d1571d0d6b558122ab8bab2282cab7a
2016-04-26 11:50:08.302965,SEND,0dc3651f3b008a34aae8000f5cfc51d0
2016-04-26 11:50:08.301577,SEND,b65350618d28c4988b3e9eb367dbe4a7
2016-04-26 11:50:08.339644,RECV,741c5607fed3d793c0740fa81a8aba84
2016-04-26 11:50:08.356263,RECV,75d0576186d30564da8395dfab541c8d
2016-04-26 11:50:08.383184,SEND,cb6d5bed677db9619bb2856b0d6e9324
2016-04-26 11:50:08.390704,SEND,db5c30f815f303cd0c047181eb5e233f
2016-04-26 11:50:08.442751,RECV,30b0c805cf75fcb2b7adf69f11fdf8eb
2016-04-26 11:50:08.456485,SEND,e8ae17e47a30c074923849e2251c4d1c
2016-04-26 11:50:08.457490,RECV,78ac906c7725a7174c4cc5c0ce8ffbc0
2016-04-26 11:50:08.471183,SEND,1c39eb02cd3f253cd6e25eeb47f4e6bf
2016-04-26 11:50:08.481788,RECV,f5b055a4eec4f7d226974db1e5b7a6e5
2016-04-26 11:50:08.507816,SEND,c1017e0a94a7ba4d40a2b5e3eebe9f2b
2016-04-26 11:50:08.535842,RECV,9ffb563c9662bfdbfdc089e753aeb907
2016-04-26 11:50:08.565036,SEND,a735bed0e77a2b7b561da95220739295
2016-04-26 11:50:08.612919,RECV,bc479d7e5ffbda6768d6b8da0e984ac0
2016-04-26 11:50:08.625935,SEND,56cadc8d7a9670fb186c76bd23b72046
2016-04-26 11:50:08.627934,RECV,548920bcf7d2ff5a7fe7561e0ac4bba5
2016-04-26 11:50:08.640955,SEND,d5740e65bbac8ee543cb32335fdb96b8
2016-04-26 11:50:08.717023,RECV,6caa2111faa96581d15c11a067d86fd8
2016-04-26 11:50:08.731196,RECV,fdcb2572dd2311d13921d231d1246c65
2016-04-26 11:50:08.743049,SEND,b6218b48645be5b530c3af36ce652c46
2016-04-26 11:50:08.758067,SEND,b5b644ecdf1733824b71236cf943dd48
2016-04-26 11:50:08.769074,RECV,194865854ce3767b7f4c32613c475c9b
2016-04-26 11:50:08.795108,SEND,69e7a1a9026b3d10dcf1210d2e16b3d0
2016-04-26 11:50:08.810117,RECV,59d3d7d281afb67e9e62df0c95852284
2016-04-26 11:50:08.836144,SEND,3ed33713999de39989c11179c5a32216
2016-04-26 11:50:08.848149,RECV,7b7c5ab0f9123a2ba0ceeb7d2d3debb8
2016-04-26 11:50:08.860519,SEND,ff6d1b5c3eb7a66a2ad17e5ba2b4f4e3
2016-04-26 11:50:08.891198,RECV,e31992b37953c2ccaf3484dfe1e4bb9d
2016-04-26 11:50:08.899205,RECV,694a0b583a318535de654fafbb54ac34
2016-04-26 11:50:08.925232,SEND,0ebee530f1e2cf780556b9eb97f1f34a
2016-04-26 11:50:08.940251,SEND,4186230ee9f7bf5eb48d7741f0d49bc3
2016-04-26 11:50:08.965269,RECV,c31ea9c23111ca6f57f1cd714d232a72
2016-04-26 11:50:08.982724,RECV,a9f6e7dfba45c36aac546b7e689b90dc
2016-04-26 11:50:08.994021,SEND,0c1b221c3704441d483eec981f376132
2016-04-26 11:50:09.031565,SEND,ea8903abc7b8fdcb8368dc46e57b4b4e
2016-04-26 11:50:09.055362,RECV,c249bafda55a5d34cbaf883c93e6aacd
2016-04-26 11:50:09.070375,SEND,a7ce784f4fa8e26f34d27b6fec333e68
2016-04-26 11:50:09.120424,RECV,674257ecd7a064faec0b284ac1f25a8e
2016-04-26 11:50:09.125431,RECV,42b5cea6eac24b521bc900263fa35eee
2016-04-26 11:50:09.134375,SEND,c55684053531fd8b957fdf218fd2bedc
2016-04-26 11:50:09.148459,SEND,4b58baf3e949ba90a5d827949b7da23c
2016-04-26 11:50:09.160462,RECV,9fdd979c330da22f0ad3a269665763c4
2016-04-26 11:50:09.186502,SEND,a79ce114d946e37db67479dd89f4aebe
2016-04-26 11:50:09.214520,RECV,80f33ccf7b35f126a28124cbdbc09d64
2016-04-26 11:50:09.227539,SEND,5be4a5ea19f185d067a9b1a482993ef7
2016-04-26 11:50:09.251559,RECV,27d0e372b6d002eee6d0c56b0e1aac16
2016-04-26 11:50:09.277583,SEND,e5a9085978b444dceeda1d799be91a9b
2016-04-26 11:50:09.282586,RECV,3ff45305568c323b96cdc2f32562ae4c
2016-04-26 11:50:09.305618,SEND,ce2177862cd892fa495a8e523617c402
2016-04-26 11:50:09.329034,RECV,cfef10f22c830544dbb93e619d7f64c1
2016-04-26 11:50:09.371409,SEND,1191766bd65950bbd1dbb554f074f542
2016-04-26 11:50:09.370677,RECV,8175cd563c2457da7366cbd9598cf44a
2016-04-26 11:50:09.396704,SEND,70e6688b086be4a7be5bdb51e1edb316
2016-04-26 11:50:09.407712,RECV,85f20acdd00659c5f740d5b3f4d81666
2016-04-26 11:50:09.434134,SEND,9bf0043d582231080e61fdc2706fafa3
2016-04-26 11:50:09.448165,RECV,f8b4e4639cd36527eb60bc8dd569908e
2016-04-26 11:50:09.474785,SEND,eefe368c8a3a1db9267e9d7f7dbd5024
2016-04-26 11:50:09.485788,RECV,4d7ed03795d5b798e6e62bc8e5f4d437
2016-04-26 11:50:09.499336,SEND,3a84c498735c9bba7ad09c219c257d50
2016-04-26 11:50:09.513818,RECV,1bff5a2654a052f7eb7eefe66c9a8c8b
2016-04-26 11:50:09.529842,SEND,58d4e4fa87353e96b7c12fe203cb3222
2016-04-26 11:50:09.551854,RECV,583197423817b754325b201e03271f27
2016-04-26 11:50:09.565274,SEND,39946517bd6f6adfd6c111ac222455e1
2016-04-26 11:50:09.581887,RECV,dece256cfca9ef65fca0891afa2f57c1
2016-04-26 11:50:09.615919,RECV,440b0cd6cc6e206abb290d1b12aa64dd
2016-04-26 11:50:09.630750,SEND,04169f11fc7547bd05537967cb8483eb
2016-04-26 11:50:09.644151,SEND,da8e0887d31a759ece4162ca541255e6
2016-04-26 11:50:09.696201,RECV,128db4bd22f4906226caf4da103441f8
2016-04-26 11:50:09.707991,SEND,997d2a37b7ae32382d945db9a3a38076
2016-04-26 11:50:09.708998,RECV,68d187404d33df19617ddcc1b44abcdb
2016-04-26 11:50:09.736045,SEND,e55fb6ad5c134b8082a7372836820e76
2016-04-26 11:50:09.773078,RECV,3fbb3266d992fd65b0a863f62ed04e51
2016-04-26 11:50:09.786093,SEND,efe4b95068ab2c9d7692ce77ba9bcf4e
2016-04-26 11:50:09.788093,RECV,e55d6ae7e7fd2b24270f31d488cf6eaa
2016-04-26 11:50:09.801106,SEND,81cf4b5b7e84cd33b41404bb2cfb9892
2016-04-26 11:50:09.825131,RECV,da3585ef3bf79f085b058f86ace31854
2016-04-26 11:50:09.850864,SEND,b6a46782bc2e4f35e53d8e801ad84096
2016-04-26 11:50:09.856159,RECV,7f69654ff0419b39ebd89a259b53c395
