2016-04-26 11:50:07.165479,RECV,591d42900cf772050c24c5dd9288fb31
2016-04-26 11:50:07.168475,SEND,ad95b6249ea44990a89e1cae96d5f813
2016-04-26 11:50:07.184498,SEND,48660de90a1671a0b55da39e53e06bb4
2016-04-26 11:50:07.210522,SEND,b8139e60982324e1a039e3e613061afe
2016-04-26 11:50:07.229537,RECV,3fd2fbdf4f0d175e1db3eda5731a4e3e
2016-04-26 11:50:07.240551,RECV,2cf87d9cb61e57932409bdffce97b245
2016-04-26 11:50:07.246958,SEND,b1c214848fa5a95a507e8af02177a837
2016-04-26 11:50:07.257990,RECV,5f982d0e8892112559d97c8a7f8928a7
2016-04-26 11:50:07.300318,SEND,6132dbfee66e078c728c9eded5d61a8e
2016-04-26 11:50:07.303124,SEND,b91836cc3afa6ca193eaa0c188e5b6a2
2016-04-26 11:50:07.304127,RECV,bb5fc7ff79db1870ed08537ccfb1b787
2016-04-26 11:50:07.330638,RECV,09d4870d4f09eb9bd3f89ae726b52085
2016-04-26 11:50:07.334218,SEND,8727996be651be02dfdeb8e9dd66a777
2016-04-26 11:50:07.350657,RECV,dbd8d8c822b763454795bb826a8d8f19
2016-04-26 11:50:07.360669,SEND,5533e88778ec7bd2298b2ba7a6a6af9b
2016-04-26 11:50:07.363295,SEND,770fcfd6add3ea918f76120d03611275
2016-04-26 11:50:07.367676,RECV,23dacaacdfd33e4faae4ee7862bafc6d
2016-04-26 11:50:07.394386,SEND,d22d9757a52664d773be50f51b302b21
2016-04-26 11:50:07.405715,RECV,8231541d718fd878fa7369dc21aa3fa9
2016-04-26 11:50:07.421464,SEND,d604148e4a04805ced683f17d78a0c30
2016-04-26 11:50:07.423728,RECV,8237dad18e15acb55149d93a03694864
2016-04-26 11:50:07.439453,SEND,b25d12d74c2639a98916205900c85839
2016-04-26 11:50:07.439749,RECV,bd3bbe1cba5efdf828af2787180b7998
2016-04-26 11:50:07.458581,SEND,c6724e26ae3cab611673c22791f2ca96
2016-04-26 11:50:07.481787,RECV,46b4c1cdd9133e47386462cf493873df
2016-04-26 11:50:07.496951,SEND,5efd7fcee536312ad621a66fbb733dbf
2016-04-26 11:50:07.500807,RECV,acc8474657bf1d7ae681929e23b654a7
2016-04-26 11:50:07.513822,RECV,ed46b3fe06f3c6f6d8ef6202af2e3b1b
2016-04-26 11:50:07.526838,RECV,1987582da37799a585ba12f3b9b1f0fc
2016-04-26 11:50:07.530843,SEND,4778bcb26e5ba158032241b6e7057c3a
2016-04-26 11:50:07.544182,SEND,84c841545e5e59f9d68f66b6d73420ea
2016-04-26 11:50:07.571885,SEND,b132a3084e0049e11eec5d0b8dab01f3
2016-04-26 11:50:07.590625,RECV,ec90c8daf28ad6c3d2303e47cc072a05
2016-04-26 11:50:07.604911,RECV,23d634a59be88f1596d1d03801c344b5
2016-04-26 11:50:07.616927,RECV,a148d9e0b362f2a0a5f2c7f387f52859
2016-04-26 11:50:07.623724,SEND,89c9660a9f37ac92fc19ed94dd882295
2016-04-26 11:50:07.647789,SEND,d97274f80cf59cedb86dd26b77f66ab0
2016-04-26 11:50:07.649798,SEND,6c62f63d35cd71d5fa6f2828c1bd9e51
2016-04-26 11:50:07.665971,RECV,8b0db505e8c6bcf4fc1271ac3b4d77c3
2016-04-26 11:50:07.678984,RECV,693a469e808a6b410162c1acd8398d22
2016-04-26 11:50:07.680992,SEND,cc66d2776c6c3d5da13c90a9baaaa76b
2016-04-26 11:50:07.694998,RECV,dd49e3bf4930d913fabd3e298e2fbf43
2016-04-26 11:50:07.707980,SEND,50e88b9b499828f2eadab277eac38e54
2016-04-26 11:50:07.709019,SEND,74c434f0118c5da41aa4914b2c75766b
2016-04-26 11:50:07.741420,RECV,2a45a838b012b742c2b45d64c1df6ff3
2016-04-26 11:50:07.756060,RECV,fa2e1bc573bcd88624251e4e060130e8
2016-04-26 11:50:07.769075,RECV,51ed3a6d9b09b9035cc022aa7c5d1ad8
2016-04-26 11:50:07.772083,SEND,09edbd2eed8f2cacbc4bd9bcb583f4e9
2016-04-26 11:50:07.783346,SEND,964c11ad24ff2e8866969541021e79c2
2016-04-26 11:50:07.785094,SEND,347d46f205ad0f8f7643f2a9190925d4
2016-04-26 11:50:07.814118,RECV,ac4f0c18d59db9c7e70b4220a4c35074
2016-04-26 11:50:07.817123,RECV,d11c401161b3e683888c38825b6c3f9d
2016-04-26 11:50:07.828140,SEND,b99351d25b82ceff630214dfbbccd877
2016-04-26 11:50:07.845153,RECV,fb7735b7e61a364fddba4bd7c768c5ef
2016-04-26 11:50:07.847158,SEND,0d3940db67525eb2d4193ae26a0a968d
2016-04-26 11:50:07.861167,SEND,be3a622a776ac59cfd86a3eaaa75110d
2016-04-26 11:50:07.875180,RECV,9c62383d76d1305cd2a75bb1d3510cb1
2016-04-26 11:50:07.908216,RECV,386637085295a115e14c621b20096ef2
2016-04-26 11:50:07.920227,SEND,fac1dab47838d7905a903c2625ea4a2c
2016-04-26 11:50:07.921227,RECV,6cfcb162ae0db8f581c64ca3db505487
2016-04-26 11:50:07.936247,SEND,7a5cd963393ff20f2786ed77be1025b4
2016-04-26 11:50:07.938246,SEND,ba3f6e2d7b48496e49d68a25c73e2eb7
2016-04-26 11:50:07.968107,RECV,d77d5de0da04f829a0b4b218c9f191e5
2016-04-26 11:50:07.983073,SEND,d0f37cade076797e92474298a2bf0e65
2016-04-26 11:50:07.981282,RECV,692c41c67c5d23a0f41aa5407520ed5c
2016-04-26 11:50:07.986293,RECV,fe7bb3368ab26e049efa92dae8507eef
2016-04-26 11:50:08.012355,SEND,f4d12e2f418d95ff6a25d0be0f31b6ab
2016-04-26 11:50:08.014325,SEND,70f6c2f8ed447966222db62ce7eebbb7
2016-04-26 11:50:08.028166,RECV,37f2115c0bc35de119b67d069b52f76a
2016-04-26 11:50:08.055372,SEND,c0921b420ea20ee4b3a2d79f3ca29b36
2016-04-26 11:50:08.057471,RECV,fafc0ce6432a3094ef52426f8f23edf6
2016-04-26 11:50:08.076803,RECV,0c6b2739af0c3f952770838919546d62
2016-04-26 11:50:08.089395,SEND,f09dacb474d0eeffc696c09fe1ebbeb2
2016-04-26 11:50:08.104416,SEND,1be551f687887524e368f94335eed5f9
2016-04-26 11:50:08.115421,RECV,5869b02706311e3a4abec56d7760ef35
2016-04-26 11:50:08.132437,RECV,7617ef6ee7d98c1b64ffc69b0bb62052
2016-04-26 11:50:08.146448,SEND,bb3e3a0c25fab0d6691b04ba22c5e08e
2016-04-26 11:50:08.148452,SEND,735158442a043691f2e3925b2e36d011
2016-04-26 11:50:08.164470,RECV,e6829786d9f68f5f9ec5a745e5b9c271
2016-04-26 11:50:08.178236,RECV,cda02959735d6ae6edde9152a4cb942e
2016-04-26 11:50:08.194243,SEND,34e4e6ed84fd9ef9d6c6555dafd32e62
2016-04-26 11:50:08.194960,RECV,2200a74b9687d50d4d6bb16ef19ec1c2
2016-04-26 11:50:08.196849,SEND,f04e2429b5a611cc7c3536f7956f0f71
2016-04-26 11:50:08.224529,SEND,9e66929fef77c37586c97179b343126f
2016-04-26 11:50:08.250557,RECV,e18b066330588213602f6daaef690a47
2016-04-26 11:50:08.265986,SEND,8d1571d0d6b558122ab8bab2282cab7a
2016-04-26 11:50:08.269576,RECV,7926bc214c60b329147d262fe0c4c32c
2016-04-26 11:50:08.283586,RECV,a7081a18dc6b131bc25fcdb317a79a3f
2016-04-26 11:50:08.288422,SEND,e00c61d5cbd2a78b440ae10ec1bab509
2016-04-26 11:50:08.310615,RECV,0dc3651f3b008a34aae8000f5cfc51d0
2016-04-26 11:50:08.326639,SEND,741c5607fed3d793c0740fa81a8aba84
2016-04-26 11:50:08.328638,SEND,758434e434fbeb91545958628a9a3342
2016-04-26 11:50:08.359717,RECV,2ea8de06ff4b22c4e4c78d0e4d9d91fd
2016-04-26 11:50:08.378112,SEND,44c6ce6979d48d0360458cefb65a34ca
2016-04-26 11:50:08.401709,RECV,db5c30f815f303cd0c047181eb5e233f
2016-04-26 11:50:08.418725,RECV,9f0b7a6072727e9bcda0560f22b01784
2016-04-26 11:50:08.423164,RECV,ca7aa5cefc0d56598b54c7875cc6fcd3
2016-04-26 11:50:08.432738,SEND,30b0c805cf75fcb2b7adf69f11fdf8eb
2016-04-26 11:50:08.433743,SEND,b74c2564da30d9fea68486f1602768cc
2016-04-26 11:50:08.450183,SEND,e231342dec4f9e685abe0bac8c3ad808
2016-04-26 11:50:08.461771,RECV,e8ae17e47a30c074923849e2251c4d1c
2016-04-26 11:50:08.476787,SEND,f5b055a4eec4f7d226974db1e5b7a6e5
2016-04-26 11:50:08.479783,RECV,cbe7cac875d3f20d84555d0e5eab5a31
2016-04-26 11:50:08.493803,SEND,686753a1d77af9ee3672d346f32ab18d
2016-04-26 11:50:08.510353,RECV,4015f58752f1fc380cde4a99cd917818
2016-04-26 11:50:08.521831,RECV,c1017e0a94a7ba4d40a2b5e3eebe9f2b
2016-04-26 11:50:08.528412,SEND,a5f62f9f8a71105b95211911e8d9d475
2016-04-26 11:50:08.540845,RECV,f8626b6cd943fb9a8cbc103025bf9615
2016-04-26 11:50:08.574485,RECV,cc4d7262b75afc43f29ae5e0b73d8d2f
2016-04-26 11:50:08.583892,SEND,c763570e1ecb80820ffa232ed19bacf4
2016-04-26 11:50:08.596906,SEND,bc479d7e5ffbda6768d6b8da0e984ac0
2016-04-26 11:50:08.600910,SEND,3cddf70e0e4b7796baa6fd2c5542e004
2016-04-26 11:50:08.628934,RECV,f3baeaac443d6fdbb250aacccfc7deb1
2016-04-26 11:50:08.642947,RECV,56cadc8d7a9670fb186c76bd23b72046
2016-04-26 11:50:08.648784,RECV,56ea5e75045d22dc4079f6930387575c
2016-04-26 11:50:08.689991,SEND,bce95a1ec3ecb2736daee6eab3abf8b8
2016-04-26 11:50:08.702947,SEND,6caa2111faa96581d15c11a067d86fd8
2016-04-26 11:50:08.736048,SEND,544d01611bf06742d526badd2d081c41
2016-04-26 11:50:08.748055,RECV,b6218b48645be5b530c3af36ce652c46
2016-04-26 11:50:08.753153,RECV,4f8a0e4569761a3009c84cbdf27b30da
2016-04-26 11:50:08.763107,SEND,194865854ce3767b7f4c32613c475c9b
2016-04-26 11:50:08.765073,SEND,e6b20b2292b922d011161578f92f7e0a
2016-04-26 11:50:08.782089,RECV,21dea3b4f2735570b2b7460a8e24a1e5
2016-04-26 11:50:08.808113,RECV,69e7a1a9026b3d10dcf1210d2e16b3d0
2016-04-26 11:50:08.811115,RECV,a71d02d88d6f1af46450c6ab49cf6e8a
2016-04-26 11:50:08.814239,SEND,d08570bba0173c08af462ed1d42be7ff
2016-04-26 11:50:08.838146,SEND,7b7c5ab0f9123a2ba0ceeb7d2d3debb8
2016-04-26 11:50:08.844311,RECV,5348cdc705aedb9d9b7ab5c243978041
2016-04-26 11:50:08.868175,RECV,ff6d1b5c3eb7a66a2ad17e5ba2b4f4e3
2016-04-26 11:50:08.883191,SEND,694a0b583a318535de654fafbb54ac34
2016-04-26 11:50:08.886189,SEND,7333fd7966e9517fcc8f981bf5ee0745
2016-04-26 11:50:08.901938,SEND,98cf5f410c18587c8c6319b3dba47fb5
2016-04-26 11:50:08.943250,RECV,0ebee530f1e2cf780556b9eb97f1f34a
2016-04-26 11:50:08.946063,RECV,2dd8cbe01e69356effc7cb645463340b
2016-04-26 11:50:08.947252,RECV,f08d21770f41d50667820c74c703c2e9
2016-04-26 11:50:08.959098,SEND,c31ea9c23111ca6f57f1cd714d232a72
2016-04-26 11:50:08.975282,SEND,44c7b09bd9cc33a3699b7c2d3d57c874
2016-04-26 11:50:08.992301,SEND,a0b16705058b7144f93203bd710d680e
2016-04-26 11:50:09.004306,RECV,0c1b221c3704441d483eec981f376132
2016-04-26 11:50:09.021326,RECV,43f16956f7a44d6b177fcd57cbe27967
2016-04-26 11:50:09.036343,SEND,4e23e7fdcada67465dff5b3569c522fb
2016-04-26 11:50:09.037346,RECV,c5550e16099c88610100582a5ad26e13
2016-04-26 11:50:09.049360,SEND,c249bafda55a5d34cbaf883c93e6aacd
2016-04-26 11:50:09.056367,SEND,4e1dc1fe50825132657de04e81fdbf06
2016-04-26 11:50:09.079384,RECV,a7ce784f4fa8e26f34d27b6fec333e68
2016-04-26 11:50:09.081388,RECV,9d1d1b19d885ab7b767207f3a3e0e158
2016-04-26 11:50:09.085473,RECV,441bb87466ccad5a8a3a6d5292cca32e
2016-04-26 11:50:09.110414,SEND,674257ecd7a064faec0b284ac1f25a8e
2016-04-26 11:50:09.111546,SEND,8936fdf80bf56cecd0331277ddae26d4
2016-04-26 11:50:09.128435,SEND,7de1e0ea7e7a0689c8a4b8c62712cd9f
2016-04-26 11:50:09.139444,RECV,c55684053531fd8b957fdf218fd2bedc
2016-04-26 11:50:09.154657,SEND,9fdd979c330da22f0ad3a269665763c4
2016-04-26 11:50:09.176482,RECV,bcfaf96e887bb94e3d2b364bffbf5210
2016-04-26 11:50:09.187491,RECV,3ca393155cbab98d6b6de6683e548ff1
2016-04-26 11:50:09.199505,RECV,a79ce114d946e37db67479dd89f4aebe
2016-04-26 11:50:09.232536,SEND,283515fb2016479ca4771052053f9c9d
2016-04-26 11:50:09.232868,SEND,b8f7644cdfa8aeadfa46bb29a7b73452
2016-04-26 11:50:09.245548,SEND,27d0e372b6d002eee6d0c56b0e1aac16
2016-04-26 11:50:09.263660,RECV,35553a9efbf5394e109968d800fd7fe3
2016-04-26 11:50:09.279690,RECV,cf65e4c5a53a0a2b5d7ef42a8a006d41
2016-04-26 11:50:09.281574,SEND,83a9c09731df6cfc76b45f122d18b1ac
2016-04-26 11:50:09.292255,RECV,e5a9085978b444dceeda1d799be91a9b
2016-04-26 11:50:09.308613,SEND,6940f742cad572b5043efdbb2087f4fa
2016-04-26 11:50:09.320624,SEND,cfef10f22c830544dbb93e619d7f64c1
2016-04-26 11:50:09.323630,RECV,69bce82ce83e7e259ce66d879391d158
2016-04-26 11:50:09.341275,SEND,d195cd30d471bee7444fb2acbf21c891
2016-04-26 11:50:09.353721,RECV,f503e34bdd527b77503187f3f9ff760f
2016-04-26 11:50:09.369735,SEND,d91ac679c6f351f417a3c824c92d13fd
2016-04-26 11:50:09.382262,RECV,1191766bd65950bbd1dbb554f074f542
2016-04-26 11:50:09.383689,RECV,af1b3e25a74dc74d1f073be89cb20676
2016-04-26 11:50:09.395327,SEND,85f20acdd00659c5f740d5b3f4d81666
2016-04-26 11:50:09.412716,RECV,44013db99740ddbaf871d32f56273687
2016-04-26 11:50:09.413722,SEND,da068ce031c7597e9470f0a9143e8b20
2016-04-26 11:50:09.439747,RECV,9bf0043d582231080e61fdc2706fafa3
2016-04-26 11:50:09.441752,SEND,325338b75a7d88f38f197c02e536ab77
2016-04-26 11:50:09.458766,RECV,0aca18bcbd604d289b90f11c8cbad009
2016-04-26 11:50:09.470557,SEND,4d7ed03795d5b798e6e62bc8e5f4d437
2016-04-26 11:50:09.474280,SEND,35b804433104a03dfbed19c12cc0d296
2016-04-26 11:50:09.486791,RECV,736655c577d2d72ef19782c957829202
2016-04-26 11:50:09.502806,SEND,2727589436cc400d29034bf6d59a2ba8
2016-04-26 11:50:09.516225,RECV,3a84c498735c9bba7ad09c219c257d50
2016-04-26 11:50:09.518826,RECV,ca5020051a6c6f0c4517a0cceba85308
2016-04-26 11:50:09.533839,SEND,ae8963d084606b8a5b6cf13bbf7fb093
2016-04-26 11:50:09.545466,SEND,583197423817b754325b201e03271f27
2016-04-26 11:50:09.547852,RECV,d9f9b1b5830caa69862d450a58872c5f
2016-04-26 11:50:09.563870,RECV,21def13de44c925351bc218b2bb282c3
2016-04-26 11:50:09.575883,RECV,39946517bd6f6adfd6c111ac222455e1
2016-04-26 11:50:09.592903,SEND,21756add0f85088f311725b07542004e
2016-04-26 11:50:09.594521,SEND,f934d35f47bab30d3c4031c7b3c58fbf
2016-04-26 11:50:09.605967,SEND,440b0cd6cc6e206abb290d1b12aa64dd
2016-04-26 11:50:09.638015,RECV,5f38ab08fb58703149cafbb388fdab35
2016-04-26 11:50:09.642535,RECV,6cb207ea9cd9cc337fb70a31eb6223f9
2016-04-26 11:50:09.650948,RECV,da8e0887d31a759ece4162ca541255e6
2016-04-26 11:50:09.668122,SEND,c72ee62f1d4bdb74e0629ca3432d62be
2016-04-26 11:50:09.681161,SEND,128db4bd22f4906226caf4da103441f8
2016-04-26 11:50:09.684994,SEND,27e30549195b763d5f8ea29c84a3142c
2016-04-26 11:50:09.712392,RECV,3fecf5002924f2747817cb7c99db84f4
2016-04-26 11:50:09.726030,RECV,997d2a37b7ae32382d945db9a3a38076
2016-04-26 11:50:09.729296,RECV,238ced9dadf3100ff47fbd8c62d5950a
2016-04-26 11:50:09.743050,SEND,d045f1fee756f0d29c0f344e45f5ff1b
2016-04-26 11:50:09.756062,SEND,3fbb3266d992fd65b0a863f62ed04e51
2016-04-26 11:50:09.774442,SEND,9a83a949b823fdebc33ec83f138eaef8
2016-04-26 11:50:09.788089,RECV,840257b599fd7a8eca42c3526ed609a6
2016-04-26 11:50:09.801102,RECV,efe4b95068ab2c9d7692ce77ba9bcf4e
2016-04-26 11:50:09.816577,SEND,da3585ef3bf79f085b058f86ace31854
2016-04-26 11:50:09.818503,SEND,3b9051818c2c5a17ce00f5a2a1a3c62c
2016-04-26 11:50:09.820125,RECV,8d07befafb7d621a1d4df740bc972dda
2016-04-26 11:50:09.835142,SEND,ae37f5f9ce0d74e20e05646c18eaf84d
2016-04-26 11:50:09.862159,RECV,b6a46782bc2e4f35e53d8e801ad84096
2016-04-26 11:52:45.088436,SEND,82257467ef47124d186c67c341c9ae34
