2016-04-26 11:50:07.378687,RECV,53e99459ad761e7d1a377e58c916f1c1
2016-04-26 11:50:07.387697,SEND,c318f4a7862ca075d809f5dc540c9700
2016-04-26 11:50:07.432740,RECV,da00eec47f0e1889be2f49936fa0e4f6
2016-04-26 11:50:07.459768,SEND,524881da2db6460364895ce1ecfcbfd3
2016-04-26 11:50:07.530581,RECV,da3786bda8020d357c4c11f54f98b16f
2016-04-26 11:50:07.540849,SEND,b070677982d973418a42e831db3969f9
2016-04-26 11:50:07.594902,RECV,f4df908b6c0861917ea623d906f1b260
2016-04-26 11:50:07.612924,SEND,c30b8fe3b4fbbe4f4a49e32ea271a703
2016-04-26 11:50:07.649699,RECV,d8f55547d665cbd1c30c32e60955297e
2016-04-26 11:50:07.685994,SEND,f091e7e420f5e595e9ee1833da0e5639
2016-04-26 11:50:07.747158,RECV,edebd405d0e1f6cd6158bae781149404
2016-04-26 11:50:07.774233,SEND,6f18a5b31a30ee8f31ab154413c4a6d2
2016-04-26 11:50:07.828367,RECV,10eb2e6435be70cd0106063f052b39bb
2016-04-26 11:50:07.857169,SEND,dfd0e6c57fa61b881610efed090ed58e
2016-04-26 11:50:07.902209,RECV,08d66a78f6cbc1b9551aea2c544c1023
2016-04-26 11:50:07.947258,SEND,91b8a8005af733a6baf8c6cc84f775c5
2016-04-26 11:50:07.992295,RECV,2a8b5f090a739a557858eb12b60942cc
2016-04-26 11:50:08.010318,SEND,4e4d06d92ea122a01d4e1b52a73a8645
2016-04-26 11:50:08.063079,RECV,fc458df44346831aba7b25bd1e0200f3
2016-04-26 11:50:08.082393,SEND,be85237f3473e3354d1a85e9126c4110
2016-04-26 11:50:08.127433,RECV,80bb31101c7ccb62a2b52bdee0736111
2016-04-26 11:50:08.144327,SEND,5d612b3440225ffd360e32b33ee760ff
2016-04-26 11:50:08.190494,RECV,5c57262657ffd5bd30e1199e73c68ce9
2016-04-26 11:50:08.216521,SEND,e69bde25cf565b7269ff82cd30880646
2016-04-26 11:50:08.281588,RECV,0c8b1fb786296542bef1712ab44a1faa
2016-04-26 11:50:08.306758,SEND,78741d0a2919b829773b2b59e1f7c74f
2016-04-26 11:50:08.362668,RECV,6e906c2d9d3ca03f4ed6604d332459ba
2016-04-26 11:50:08.371679,SEND,b536014530bec6e54c7ad052869588b3
2016-04-26 11:50:08.451155,RECV,ecb9356e34fd5305162bf206555338df
2016-04-26 11:50:08.461772,SEND,8c4da7754b0a21a0c8dc1d91ff2d43d6
2016-04-26 11:50:08.506812,RECV,aa2e61e667c974ffa7e3aa63f7659098
2016-04-26 11:50:08.515826,SEND,0c08bcd973d5fdf4c5aa693d64596fc0
2016-04-26 11:50:08.551857,RECV,62ad0ba81d8f6591fbecdc22b83bdb55
2016-04-26 11:50:08.560868,SEND,9ba5d85b2b0145caac78ccaca2c7efc8
2016-04-26 11:50:08.676830,RECV,dd31b58e913bfd94ca0f44d1b29a3814
2016-04-26 11:50:08.686998,SEND,e9b1944359771743bd1ae18520885f5c
2016-04-26 11:50:08.805111,RECV,167a1f10a85de5a7645a3264064dffd6
2016-04-26 11:50:08.832140,SEND,bd2a7adef802cb549726acc9ed35e6d5
2016-04-26 11:50:08.867565,RECV,7cd24f4814f5ff61201a5d97a6792742
2016-04-26 11:50:08.895203,SEND,57a69754981a6773d9fbae8c2ed2c696
2016-04-26 11:50:08.958263,RECV,59734ed2edd4447d0e5edb5596bf9de5
2016-04-26 11:50:08.974626,SEND,651434c80f3f098e2f09f64decd76671
2016-04-26 11:50:09.030334,RECV,927f0258b42641d5e05d13640570ad8f
2016-04-26 11:50:09.048362,SEND,72de221794873ccd414a9b0c4a896f4e
2016-04-26 11:50:09.093397,RECV,3fde796768f8d435e73c12f94bcb514b
2016-04-26 11:50:09.102411,SEND,92a9ad98b0c4b5e441821dc00ac15e8d
2016-04-26 11:50:09.164181,RECV,8989b3db5459b27cf1081d01e2a1716a
2016-04-26 11:50:09.183490,SEND,f9ac2fdd00b880b7618141d4acfea63c
2016-04-26 11:50:09.272507,RECV,321e39eb49f509657bc3d3c8d1ceff33
2016-04-26 11:50:09.290572,SEND,49b09ba476d692fd20efe6d5cad8b26a
2016-04-26 11:50:09.355660,RECV,eebf853f6e54b1da5ff1286a86708fce
2016-04-26 11:50:09.389779,SEND,f0d7c6fae43831e77a111d4043ddb48c
2016-04-26 11:50:09.436743,RECV,e20dccd45b9bfce4ce6c8e925dc55807
2016-04-26 11:50:09.454168,SEND,c3c6c6e4cd1a705cb34fc4783773eb6c
2016-04-26 11:50:09.481783,RECV,074342585ce43acd88f7be7c24b7ab9f
2016-04-26 11:50:09.499808,SEND,3d13aa0db18e817e8a0d6ad16b0015ca
2016-04-26 11:50:09.526255,RECV,59bce94a102ec1cbad1ec7f548fff0c6
2016-04-26 11:50:09.544857,SEND,f6bebeba2e3e3ab6a0559c96aaf6d333
2016-04-26 11:50:09.589893,RECV,a6d42ff075d12c3ec6292657f230325e
2016-04-26 11:50:09.624490,SEND,e62e6ab8ea8576ceec27dd6f06636da0
2016-04-26 11:50:09.679980,RECV,9f22bad28e81457326a571da48e065fe
2016-04-26 11:50:09.688998,SEND,a2c86158e9619bc995a004b0e3909640
2016-04-26 11:50:09.734040,RECV,1620310b5693175710d8829045308861
2016-04-26 11:50:09.743053,SEND,c710f27bdab415e2ac808b145a978110
2016-04-26 11:50:09.823100,RECV,6da6a0091e2aa69dfb6dd6c47a8337e9
2016-04-26 11:50:09.842151,SEND,7f7f2f71182dcff887af6f12f7ee0572
