2016-04-26 11:50:07.169735,SEND,cbc7761e452ef569f5ba65fe8e83d6b3
2016-04-26 11:50:07.201514,SEND,53e99459ad761e7d1a377e58c916f1c1
2016-04-26 11:50:07.252562,RECV,f1c10c08caca397be01b93ff33e0650b
2016-04-26 11:50:07.274581,RECV,d365719dca2be72c8f838286204652ac
2016-04-26 11:50:07.283591,SEND,e53fd29e6294954ac7d3c11c7315ff95
2016-04-26 11:50:07.290080,SEND,03359b2e36542f96236348e31bf27a0c
2016-04-26 11:50:07.328193,RECV,269eaed13c67adfbeed9bf2e16c4af76
2016-04-26 11:50:07.334642,RECV,27b3204a070a10c4c9f4ba7c40f12676
2016-04-26 11:50:07.357668,SEND,069dde1c241323cb964a5f0c5b485862
2016-04-26 11:50:07.380329,SEND,e6097c60767cf8e00c02e514d8f67e86
2016-04-26 11:50:07.396703,RECV,c318f4a7862ca075d809f5dc540c9700
2016-04-26 11:50:07.402711,RECV,c0599354e46882e3093fc2c24360b15b
2016-04-26 11:50:07.409716,RECV,812f5a02f918c4620df551f6236d0cee
2016-04-26 11:50:07.418725,SEND,0e93d3282bb2bfab30146e5826b24318
2016-04-26 11:50:07.425457,SEND,9330edefc83835fce995fe039e63dc81
2016-04-26 11:50:07.426738,SEND,da00eec47f0e1889be2f49936fa0e4f6
2016-04-26 11:50:07.454762,RECV,6efb92a85e5686429242d1a0d844f837
2016-04-26 11:50:07.464167,RECV,8c0db6e2a2da86afe66977710c175fe5
2016-04-26 11:50:07.470583,SEND,6fbc658726a69331145a881df32ab3ef
2016-04-26 11:50:07.478607,SEND,7e6b2683cd5ccdce5cf6009d81041cc1
2016-04-26 11:50:07.486629,RECV,524881da2db6460364895ce1ecfcbfd3
2016-04-26 11:50:07.500804,RECV,bc019fd46a6b62676f03739d32d1b9c9
2016-04-26 11:50:07.515709,SEND,688b94926f7445a5672912c4dbfcef48
2016-04-26 11:50:07.516716,SEND,da3786bda8020d357c4c11f54f98b16f
2016-04-26 11:50:07.523731,RECV,6cc8d1bb6d11dcf5e67f732e52d75b10
2016-04-26 11:50:07.546853,RECV,b070677982d973418a42e831db3969f9
2016-04-26 11:50:07.555932,SEND,84fc9ff6433f6b2c5c631ad188b5044d
2016-04-26 11:50:07.559867,RECV,2332674b468887f8048e4ab118649446
2016-04-26 11:50:07.576893,SEND,f4df908b6c0861917ea623d906f1b260
2016-04-26 11:50:07.590906,SEND,1fe534a1752746b8f3b1efc28df0ab4e
2016-04-26 11:50:07.599610,RECV,3ac4f760c023ee01096b05e8984d5cca
2016-04-26 11:50:07.622929,RECV,c30b8fe3b4fbbe4f4a49e32ea271a703
2016-04-26 11:50:07.629010,SEND,703519b5bffe8dfe888314dd376e9797
2016-04-26 11:50:07.637730,SEND,d8f55547d665cbd1c30c32e60955297e
2016-04-26 11:50:07.650955,RECV,3dc0315b5b0604fd157f25eafe68b9ec
2016-04-26 11:50:07.665974,SEND,083efb793f39b0a8cb78ab459cf69dfd
2016-04-26 11:50:07.689994,RECV,272654c6ed695989b7c24f741fe4a831
2016-04-26 11:50:07.696004,RECV,f8b41f2d9d4c1fed62e0d7c65adf9592
2016-04-26 11:50:07.701193,RECV,f091e7e420f5e595e9ee1833da0e5639
2016-04-26 11:50:07.704199,SEND,bb38acc1c1625f17ff97d05349cdaef6
2016-04-26 11:50:07.728038,SEND,edebd405d0e1f6cd6158bae781149404
2016-04-26 11:50:07.741046,SEND,457aef8ec44562e082ca076e2f7842c9
2016-04-26 11:50:07.779085,RECV,c2813e413c7eae728a404330b9cad52b
2016-04-26 11:50:07.786094,RECV,acb5f65b0de578d6bf89027a66a26524
2016-04-26 11:50:07.788096,RECV,6f18a5b31a30ee8f31ab154413c4a6d2
2016-04-26 11:50:07.794440,SEND,b7875e0708c384a4a3c9e860809b063c
2016-04-26 11:50:07.817505,SEND,10eb2e6435be70cd0106063f052b39bb
2016-04-26 11:50:07.831141,SEND,3e46f16216ceb4c9feab7239bc51c884
2016-04-26 11:50:07.839567,RECV,eaa6bd35f38142bb3ab344b34d879db5
2016-04-26 11:50:07.863169,RECV,dfd0e6c57fa61b881610efed090ed58e
2016-04-26 11:50:07.876182,RECV,aa03485f94406dd64b7dcfd7c12915b8
2016-04-26 11:50:07.886215,SEND,efe0c09d8b6629dd8505f9ff9e06eaf8
2016-04-26 11:50:07.891200,SEND,b8a33898a970454f8ff665f05f90e154
2016-04-26 11:50:07.893201,SEND,08d66a78f6cbc1b9551aea2c544c1023
2016-04-26 11:50:07.936375,RECV,5a6370338fe3e32cae5ca3a017d39143
2016-04-26 11:50:07.951261,SEND,358d50b84f812a8ea3bb98779c53f9be
2016-04-26 11:50:07.953258,RECV,91b8a8005af733a6baf8c6cc84f775c5
2016-04-26 11:50:07.975132,RECV,0c5a169473e4698aaaf372421fce262e
2016-04-26 11:50:07.983169,SEND,2a8b5f090a739a557858eb12b60942cc
2016-04-26 11:50:07.989299,SEND,97cfa30d4b6a40a4cdbee79974c31862
2016-04-26 11:50:07.996306,RECV,a555b39cd6d00c275bc3b282753a337b
2016-04-26 11:50:08.028337,RECV,4e4d06d92ea122a01d4e1b52a73a8645
2016-04-26 11:50:08.042540,SEND,7e675e3b737b509e755ef92529205e1f
2016-04-26 11:50:08.044354,SEND,fc458df44346831aba7b25bd1e0200f3
2016-04-26 11:50:08.051248,RECV,1b41e69c88e0faa2e10eaef01e6e536c
2016-04-26 11:50:08.072379,RECV,20540883eb583c17921be0e7cba1aa30
2016-04-26 11:50:08.080631,SEND,feac2a267e439a93179f43fceb8ee4f8
2016-04-26 11:50:08.089346,RECV,be85237f3473e3354d1a85e9126c4110
2016-04-26 11:50:08.102409,SEND,e9527539014515f32c7ee96b6a408166
2016-04-26 11:50:08.119427,SEND,80bb31101c7ccb62a2b52bdee0736111
2016-04-26 11:50:08.147455,RECV,c717468b61e89e62e484adb0a1a79c2d
2016-04-26 11:50:08.153238,RECV,5d612b3440225ffd360e32b33ee760ff
2016-04-26 11:50:08.171478,RECV,86c463fb4cf6c9cf1c18bd34f02684a4
2016-04-26 11:50:08.180490,SEND,5c57262657ffd5bd30e1199e73c68ce9
2016-04-26 11:50:08.193504,SEND,d13c599093737d0a7e8ad3a26811270e
2016-04-26 11:50:08.201607,SEND,ac4c506256ac7abe47391cc4ce7bbc35
2016-04-26 11:50:08.225531,RECV,e69bde25cf565b7269ff82cd30880646
2016-04-26 11:50:08.246552,RECV,07482fdbc95b10badfb2a688668d6a6a
2016-04-26 11:50:08.253559,RECV,ee52f71e1cdd11e703201b358fbe821c
2016-04-26 11:50:08.261760,SEND,619705cc0779ba2340398a209e4172b4
2016-04-26 11:50:08.269784,SEND,0c8b1fb786296542bef1712ab44a1faa
2016-04-26 11:50:08.283594,SEND,188a35ee4103ee58e68fe413b8344655
2016-04-26 11:50:08.315623,RECV,78741d0a2919b829773b2b59e1f7c74f
2016-04-26 11:50:08.328349,RECV,444de5a084a9e2b2de009a5694b27306
2016-04-26 11:50:08.336640,RECV,aee7b401211224cc736b761f0f52229c
2016-04-26 11:50:08.343654,SEND,fd0e3094784f99f2c665a8cc040abd20
2016-04-26 11:50:08.344992,SEND,6e906c2d9d3ca03f4ed6604d332459ba
2016-04-26 11:50:08.367671,SEND,5afc4aaf3df7957424b023e4f142e580
2016-04-26 11:50:08.388697,RECV,fedb074b38c53b78b93a9615f524ed3f
2016-04-26 11:50:08.390697,RECV,b536014530bec6e54c7ad052869588b3
2016-04-26 11:50:08.419205,SEND,eacb36d2c0c75524d4e3bf025d674e16
2016-04-26 11:50:08.426732,RECV,0015b209d937da611833dd8418970d16
2016-04-26 11:50:08.435744,SEND,ecb9356e34fd5305162bf206555338df
2016-04-26 11:50:08.441750,SEND,2bc6597e432c3b33aed745d6f37920e7
2016-04-26 11:50:08.463484,RECV,bac652ce8a9571f1d2f0c531f799b899
2016-04-26 11:50:08.478785,SEND,dd2b4fb3b0953bd520c543a90d99b20d
2016-04-26 11:50:08.480374,RECV,8c4da7754b0a21a0c8dc1d91ff2d43d6
2016-04-26 11:50:08.487390,RECV,e54a6ca750149da4e0e3f2431fbc4d68
2016-04-26 11:50:08.495804,SEND,aa2e61e667c974ffa7e3aa63f7659098
2016-04-26 11:50:08.502807,SEND,9a34875f23fa7d1faa148cff4b1fa6fd
2016-04-26 11:50:08.508817,RECV,2050c9673273902ef939cd3fac46ce56
2016-04-26 11:50:08.523830,SEND,9ade8585f4de9d3b0325efce443433c1
2016-04-26 11:50:08.525831,RECV,0c08bcd973d5fdf4c5aa693d64596fc0
2016-04-26 11:50:08.544855,SEND,62ad0ba81d8f6591fbecdc22b83bdb55
2016-04-26 11:50:08.553860,RECV,49180aeb62819195c7889d23bbda5ab6
2016-04-26 11:50:08.566636,RECV,811ee2f15eacd8bf545ccd0d882bf87e
2016-04-26 11:50:08.584891,SEND,de5189d053dcd30802c0f631d8ffdc2b
2016-04-26 11:50:08.585687,RECV,9ba5d85b2b0145caac78ccaca2c7efc8
2016-04-26 11:50:08.607745,SEND,e3033700338da0e0701295b5effe9c5d
2016-04-26 11:50:08.613919,RECV,2180cf8e7d63ffb1a94d0aaa9c2ae6bc
2016-04-26 11:50:08.644849,SEND,363aebebb2bcd8d95762bab6ea8112e3
2016-04-26 11:50:08.661864,SEND,dd31b58e913bfd94ca0f44d1b29a3814
2016-04-26 11:50:08.683988,RECV,178664bbcf6fdef284051f1021dee25c
2016-04-26 11:50:08.689996,RECV,7551d98b9f16b889c3a2c36c8234e167
2016-04-26 11:50:08.691998,RECV,e9b1944359771743bd1ae18520885f5c
2016-04-26 11:50:08.745074,SEND,c55ea65b9bc3cb167a9a604a63632d26
2016-04-26 11:50:08.766095,SEND,195f3e5b97921878d83f0d6da38db417
2016-04-26 11:50:08.798108,SEND,167a1f10a85de5a7645a3264064dffd6
2016-04-26 11:50:08.804110,RECV,857ba7d8976cb051f65109a9977131f7
2016-04-26 11:50:08.828035,RECV,a4833beec5324f794274b7ac9f4a3e4e
2016-04-26 11:50:08.834144,SEND,59a6b023d48746366f21388122ead5e8
2016-04-26 11:50:08.841149,SEND,8815aa6393b0a7501b492e9196bd35a2
2016-04-26 11:50:08.842854,RECV,bd2a7adef802cb549726acc9ed35e6d5
2016-04-26 11:50:08.858167,SEND,7cd24f4814f5ff61201a5d97a6792742
2016-04-26 11:50:08.886191,RECV,5f7a595655a36b8458709c3f5cf17286
2016-04-26 11:50:08.907212,RECV,57a69754981a6773d9fbae8c2ed2c696
2016-04-26 11:50:08.909218,RECV,1426ef433d5556ddb836af1375db8ed5
2016-04-26 11:50:08.916473,SEND,204eb84886e20d2ee7d3486ccb1af714
2016-04-26 11:50:08.939524,SEND,586332b760eb791d3c119192f415b790
2016-04-26 11:50:08.948253,SEND,59734ed2edd4447d0e5edb5596bf9de5
2016-04-26 11:50:08.961374,RECV,576b9ee97d441d94ae7f89902465bb36
2016-04-26 11:50:08.976283,SEND,d9c4a536ae49c703532d7dc7721e00e5
2016-04-26 11:50:08.978283,RECV,651434c80f3f098e2f09f64decd76671
2016-04-26 11:50:08.984288,RECV,2d4efa4331c067a2a67cdba62056abd8
2016-04-26 11:50:08.999310,SEND,94adb2f8345b4ce4a85c3a319dc4fc4e
2016-04-26 11:50:09.007311,RECV,be9e744d61bf932d3160d79fa2c6c8a5
2016-04-26 11:50:09.021751,SEND,a24ef4dd44932eaaa4b0299084815877
2016-04-26 11:50:09.023334,SEND,927f0258b42641d5e05d13640570ad8f
2016-04-26 11:50:09.053361,RECV,72de221794873ccd414a9b0c4a896f4e
2016-04-26 11:50:09.066373,RECV,b4195c3f31d3171cfea8f7e4ca7fcfff
2016-04-26 11:50:09.083390,SEND,3fde796768f8d435e73c12f94bcb514b
2016-04-26 11:50:09.096401,SEND,2d886042d06def49746c6a05d3fc6007
2016-04-26 11:50:09.104989,RECV,b1ca713614c4b47d778539bdeca0807c
2016-04-26 11:50:09.113416,RECV,92a9ad98b0c4b5e441821dc00ac15e8d
2016-04-26 11:50:09.126431,RECV,29ab2a43770f2878df1be41d8e585d97
2016-04-26 11:50:09.135435,SEND,b543cf6accddf1097f5bf0473e2a48da
2016-04-26 11:50:09.142106,SEND,f7acee18def825fd36a299432c09851e
2016-04-26 11:50:09.147456,SEND,8989b3db5459b27cf1081d01e2a1716a
2016-04-26 11:50:09.172366,RECV,4855465a419b9520654a9818528c69ee
2016-04-26 11:50:09.180396,RECV,27ea10c126d35c5faa0f057ae080ca57
2016-04-26 11:50:09.187428,SEND,bcb0d86d451448db256ea7e81aaf7e0c
2016-04-26 11:50:09.188495,RECV,f9ac2fdd00b880b7618141d4acfea63c
2016-04-26 11:50:09.225536,SEND,d18df7c1b8794b59caac331965d02991
2016-04-26 11:50:09.234253,RECV,7154dabd50d408057076a30932ce3aa4
2016-04-26 11:50:09.247555,SEND,7f1b958f31095df3b3ad023afe9ff071
2016-04-26 11:50:09.249558,SEND,321e39eb49f509657bc3d3c8d1ceff33
2016-04-26 11:50:09.285591,RECV,dc27b7e8a4a8d20bdab52e5754f1bcc9
2016-04-26 11:50:09.292598,RECV,f61f6505812fd0121a70026f3a0031f5
2016-04-26 11:50:09.300713,SEND,f240e967a0691290b964ef6ecc960efd
2016-04-26 11:50:09.309427,RECV,49b09ba476d692fd20efe6d5cad8b26a
2016-04-26 11:50:09.322760,SEND,64eef4942799463bb1eefc4aabd9968a
2016-04-26 11:50:09.338805,SEND,eebf853f6e54b1da5ff1286a86708fce
2016-04-26 11:50:09.360669,RECV,94031a27ce7bb19377c56847e2b853be
2016-04-26 11:50:09.367680,RECV,6b034b55c5399b491cf3ba3b0cac18a0
2016-04-26 11:50:09.390704,SEND,365e34fa17325badb2d517319e5bced2
2016-04-26 11:50:09.413716,SEND,771ce5185c47c160af3509c55f3a6784
2016-04-26 11:50:09.413995,RECV,f0d7c6fae43831e77a111d4043ddb48c
2016-04-26 11:50:09.429735,SEND,e20dccd45b9bfce4ce6c8e925dc55807
2016-04-26 11:50:09.444486,RECV,ec907481fdb451ba9610ee62b17d0566
2016-04-26 11:50:09.450756,RECV,e61a3663810bce1234f76859c026e877
2016-04-26 11:50:09.459282,SEND,1fdf556d54a9492d351af92e57b057ab
2016-04-26 11:50:09.459765,RECV,c3c6c6e4cd1a705cb34fc4783773eb6c
2016-04-26 11:50:09.466127,SEND,f5547c783a0256d2e18a98439931c38f
2016-04-26 11:50:09.474851,SEND,074342585ce43acd88f7be7c24b7ab9f
2016-04-26 11:50:09.487792,RECV,a4e411b47ff4bbb092aa06750e8b2dd1
2016-04-26 11:50:09.496215,RECV,d8709bef0754204cb2f5e93713cbcc5f
2016-04-26 11:50:09.503805,SEND,7ba52b61a001f463e8b94b415e402918
2016-04-26 11:50:09.504810,RECV,3d13aa0db18e817e8a0d6ad16b0015ca
2016-04-26 11:50:09.511263,SEND,0f799595b10ff73d416312a40d38978b
2016-04-26 11:50:09.519980,SEND,59bce94a102ec1cbad1ec7f548fff0c6
2016-04-26 11:50:09.534410,RECV,5aa49f3845e0a8581cc6f11345cf1d7a
2016-04-26 11:50:09.550425,SEND,b08f0222265025d96229764cb9b8beb5
2016-04-26 11:50:09.549857,RECV,f6bebeba2e3e3ab6a0559c96aaf6d333
2016-04-26 11:50:09.556861,RECV,7c41115521759d8557d3dcfe889c5651
2016-04-26 11:50:09.586055,RECV,2e54ebaa5b52f730527736db5370121d
2016-04-26 11:50:09.579889,SEND,a6d42ff075d12c3ec6292657f230325e
2016-04-26 11:50:09.601115,SEND,e77ef8ca81af33d00eb1caeef54285a2
2016-04-26 11:50:09.600912,SEND,75f72815ad0ac8bb7aaeb03acd711800
2016-04-26 11:50:09.623928,RECV,6309371c8e2e3709ae3506441167bc43
2016-04-26 11:50:09.639942,SEND,829b7c358e76f770ff6f5fc90b4302db
2016-04-26 11:50:09.640945,RECV,e62e6ab8ea8576ceec27dd6f06636da0
2016-04-26 11:50:09.647952,RECV,e0f54a901a28bcc160c843222f151d99
2016-04-26 11:50:09.662449,SEND,d4fe81989083dc8405670eb0caca718e
2016-04-26 11:50:09.670979,SEND,9f22bad28e81457326a571da48e065fe
2016-04-26 11:50:09.694000,RECV,43c270000aafde5a45883df14fe8c877
2016-04-26 11:50:09.699009,RECV,93bf58a98a51467b5e9f77e714894bd6
2016-04-26 11:50:09.701005,RECV,a2c86158e9619bc995a004b0e3909640
2016-04-26 11:50:09.707018,SEND,fde36f3d8f32728079cb653dd757689f
2016-04-26 11:50:09.715011,SEND,35b0ecb65a3b3fb3344392ddf4c839f5
2016-04-26 11:50:09.720030,SEND,1620310b5693175710d8829045308861
2016-04-26 11:50:09.740043,RECV,05b7ad8d13274cafd4b3302a2439186e
2016-04-26 11:50:09.745061,RECV,232951faf94f7de8a5195c762acd0b7d
2016-04-26 11:50:09.750093,RECV,c710f27bdab415e2ac808b145a978110
2016-04-26 11:50:09.785089,SEND,3378bf42932c5c0aeced0e044990756a
2016-04-26 11:50:09.790186,SEND,812e61626ab5c8bdbb52d120e08aa286
2016-04-26 11:50:09.806237,SEND,6da6a0091e2aa69dfb6dd6c47a8337e9
2016-04-26 11:50:09.820125,RECV,bbd03d9bd283db7db51b31fa38e6b44a
2016-04-26 11:50:09.835901,SEND,b6b11e6b8f7c93111aee0759c6f2709e
2016-04-26 11:50:09.843147,RECV,061eb1955ac66176afdd66edbf16cde5
2016-04-26 11:50:09.852159,RECV,7f7f2f71182dcff887af6f12f7ee0572
