Mean delay : 0.0128844775465
Std dev    : 0.0179222838257
Bin[0] = 383
Bin[1] = 447
Bin[2] = 60
Bin[3] = 8
Bin[4] = 1
Bin[5] = 2
Bin[6] = 1
Bin[7] = 0
Bin[8] = 1
Bin[9] = 0
Bin[10] = 3
Total packets  : 906
Total neg packets : 7
total_outlierpackets : 0
