Mean delay : 0.204602229111
Std dev    : 0.0591769121833
Bin[0] = 0
Bin[1] = 1
Bin[2] = 0
Bin[3] = 0
Bin[4] = 0
Bin[5] = 1
Bin[6] = 0
Bin[7] = 0
Bin[8] = 0
Bin[9] = 0
Bin[10] = 395
Total packets  : 397
Total neg packets : 0
total_outlierpackets : 26
