Mean delay : 0.0223176929825
Std dev    : 0.052008398964
Bin[0] = 32
Bin[1] = 36
Bin[2] = 13
Bin[3] = 4
Bin[4] = 3
Bin[5] = 2
Bin[6] = 2
Bin[7] = 2
Bin[8] = 0
Bin[9] = 0
Bin[10] = 11
Total packets  : 11
Total neg packets : 16
total_outlierpackets : 7
