2016-04-23 13:37:22.668019,SEND,fa25a365b53a2c2b61badb87e96ebb69
2016-04-23 13:37:22.792302,RECV,c3d97f6add716c4c65b067b8d6e8a3e1
2016-04-23 13:37:22.782125,SEND,42dbca60a76b187a6c54669c0f17af2b
2016-04-23 13:37:22.924135,SEND,7d5d232c1f96c8e98c50a72037f3a609
2016-04-23 13:37:23.005819,RECV,f442854fff4afb39c5a5a15447fa792e
2016-04-23 13:37:23.112326,SEND,d38e56884e0868c973780c01550a0d0a
2016-04-23 13:37:23.433248,RECV,b1a0fa7e42636f562e82045d6cdf0f1e
2016-04-23 13:37:23.478531,SEND,d2e7e9169deaa24467423217392706f1
2016-04-23 13:37:23.888105,RECV,6e4169257c73b74b867b220dfe8e2124
2016-04-23 13:37:23.948985,SEND,b23d49926846b75387cdcbae8abf503a
2016-04-23 13:37:24.039853,RECV,1b9d114044e54e20bcd7d10efda07d13
2016-04-23 13:37:24.278305,SEND,f8d7ed20ec8c9016235b1b1fb841b192
2016-04-23 13:37:24.434691,RECV,49ae72d02eb13601f7c09affad6b1773
2016-04-23 13:37:24.617429,SEND,765580400987ea8f4369181764a7f067
2016-04-23 13:37:24.754565,RECV,1fa6a6dea8179f6acc5cb9f89dd674d4
2016-04-23 13:37:25.517331,SEND,e53c8841629412a7ec575089424cb1d9
