2016-04-23 13:37:22.640462,SEND,514e898377fb4ba0e2d64aa83145ed3b
2016-04-23 13:37:22.683282,SEND,f1d24025225cac98a86631b8452a2847
2016-04-23 13:37:22.696512,RECV,f1d24025225cac98a86631b8452a2847
2016-04-23 13:37:22.877468,SEND,2cd68a0ec8510576c8d958db152f4c81
2016-04-23 13:37:22.895640,RECV,2cd68a0ec8510576c8d958db152f4c81
2016-04-23 13:37:23.001837,SEND,2761e89b5f2a379cfe904d698f492b6b
2016-04-23 13:37:23.028843,RECV,2761e89b5f2a379cfe904d698f492b6b
2016-04-23 13:37:23.198525,SEND,c5176b0d3cbbd4b8907648a4e41785f9
2016-04-23 13:37:23.247186,RECV,c5176b0d3cbbd4b8907648a4e41785f9
2016-04-23 13:37:23.307851,SEND,8bee45bac016ca161c757afe910550f7
2016-04-23 13:37:23.382700,RECV,8bee45bac016ca161c757afe910550f7
2016-04-23 13:37:23.489327,SEND,c526b5afe52a6fd5328d5c6474689631
2016-04-23 13:37:23.505320,RECV,c526b5afe52a6fd5328d5c6474689631
2016-04-23 13:37:23.551370,SEND,40da80b05ef7530c07fe847eeffd8145
2016-04-23 13:37:23.577911,RECV,40da80b05ef7530c07fe847eeffd8145
2016-04-23 13:37:23.806229,SEND,a4be68e94cd954473dadfa9b0c4d3c78
2016-04-23 13:37:23.823638,RECV,a4be68e94cd954473dadfa9b0c4d3c78
2016-04-23 13:37:24.020004,SEND,0c8444c56858add22d2fb69a931ab052
2016-04-23 13:37:24.034848,RECV,0c8444c56858add22d2fb69a931ab052
2016-04-23 13:37:24.065884,SEND,7d56aefadebe35bfc3df77b85a05e209
2016-04-23 13:37:24.081207,RECV,7d56aefadebe35bfc3df77b85a05e209
2016-04-23 13:37:24.157341,SEND,940353c4cca47a3ea751aa564cda1db0
2016-04-23 13:37:24.171983,RECV,940353c4cca47a3ea751aa564cda1db0
2016-04-23 13:37:24.248067,SEND,ec5031d2d34d56b8fb84134a621a8142
2016-04-23 13:37:24.263380,RECV,ec5031d2d34d56b8fb84134a621a8142
2016-04-23 13:37:24.324435,SEND,0b15898174aceaeb45b3e7faf335f867
2016-04-23 13:37:24.338157,RECV,0b15898174aceaeb45b3e7faf335f867
2016-04-23 13:37:24.398218,SEND,79730e75faf3f8e1eb07bb9cb9134772
2016-04-23 13:37:24.415095,RECV,79730e75faf3f8e1eb07bb9cb9134772
2016-04-23 13:37:24.477300,SEND,90de9cd1a02a6900054b2e522e661323
2016-04-23 13:37:24.504318,RECV,90de9cd1a02a6900054b2e522e661323
2016-04-23 13:37:24.565384,SEND,a9b740e124b17524e551c425e01a76a9
2016-04-23 13:37:24.581155,RECV,a9b740e124b17524e551c425e01a76a9
2016-04-23 13:37:24.763019,SEND,3fc5b1d39ceb7c3dd1fb677b43b4013f
2016-04-23 13:37:24.791866,RECV,3fc5b1d39ceb7c3dd1fb677b43b4013f
2016-04-23 13:37:24.928748,SEND,111e4d2d9b41c88dbc793c56427baa65
2016-04-23 13:37:24.945317,RECV,111e4d2d9b41c88dbc793c56427baa65
2016-04-23 13:37:25.141447,SEND,b020f42dac7b7658a3b96b03bd1f5cac
2016-04-23 13:37:25.155970,RECV,b020f42dac7b7658a3b96b03bd1f5cac
2016-04-23 13:48:46.772266,SEND,964144ff9e0ce74a9b1485ec33ad4ee9
