2016-04-23 13:37:22.806272,RECV,d063aa57bb08fab45e773f3481d071a8
2016-04-23 13:37:23.020106,SEND,a8a8e7284cde19067d76729d9bd78abd
2016-04-23 13:37:23.038860,SEND,6cb26eaaca2f8e87115d374f287340a5
2016-04-23 13:37:23.127963,SEND,d021892e2ef292b54802a6a54b818330
2016-04-23 13:37:23.145959,RECV,c1c40329c7305525b4e20f393100baeb
2016-04-23 13:37:23.202017,RECV,fa4010f237edc7db472ec1029e74fb79
2016-04-23 13:37:23.265082,RECV,c485b6d3343c54092ba05e23b050819d
2016-04-23 13:37:23.327140,SEND,5b9267778d90247b4a370d15f67886b8
2016-04-23 13:37:23.340652,SEND,748b340053c305fe423809a10f81c3b8
2016-04-23 13:37:23.353166,SEND,22fca6669e22af684a556bbd75d6ab71
2016-04-23 13:37:23.509327,RECV,9e523b8137dd2b13674c2358aa83beff
2016-04-23 13:37:23.582396,RECV,c255304d013739f4dcc1dedc7961cd9f
2016-04-23 13:37:23.600418,SEND,85316fc6c7e33278ec0787246f15a3fa
2016-04-23 13:37:23.720223,RECV,2afd7645237a0e1e3dfff1d8bd7ddcbe
2016-04-23 13:37:23.779724,SEND,17aa03dac747b22ab8fe2629ac7e0331
2016-04-23 13:37:23.784595,RECV,f2f87c6d3fb79b46d0e464baec72ffbe
2016-04-23 13:37:23.796615,SEND,64cd5191d5750d10b739e5bdfe999804
2016-04-23 13:37:23.900715,RECV,e98e581e5f716981b2efade4ec104e35
2016-04-23 13:37:23.963777,RECV,7d2f02ba32f3571f97bd5a932e4f4fbc
2016-04-23 13:37:24.007088,SEND,1fd0cf1f1fa6be3512788d90bcc0b606
2016-04-23 13:37:46.394680,SEND,e81a509648baf4dc8f425c20fc126542
2016-04-23 13:37:24.011095,SEND,734b7769c516d3499fbf7dd4f0dcdce1
2016-04-23 13:37:24.102915,RECV,91f6967d56295d68cf47d6c04963d714
2016-04-23 13:37:24.194029,SEND,d710b1e8613b8718aef376a6f5556d0a
2016-04-23 13:37:24.206017,RECV,d439ddd849980a094aa4bc3885758c07
2016-04-23 13:37:24.224039,RECV,a7de7dee5ba34e097c513be10fe4a528
2016-04-23 13:37:24.332145,RECV,14cbd3aad40115eb1f755a9fbc5f4f93
2016-04-23 13:37:24.389203,SEND,1ad0671b4c1a57a5bd55a317f989f073
2016-04-23 13:37:24.392622,SEND,c9168b7f437d6b39495e1f5e7450e755
2016-04-23 13:37:24.404683,SEND,87afc342fc69fd0fd1046ca7920f04f9
2016-04-23 13:37:24.464277,RECV,2c06467206f04e11ba9094e4a122b730
2016-04-23 13:37:24.529342,RECV,ce409c5f623efe0f070cfc7a379bf179
2016-04-23 13:37:24.540359,SEND,410f7f1e04b90586b853c13068b92cdf
2016-04-23 13:37:24.572386,RECV,e9372b4f9dd8e34e7222f824f2ca026b
2016-04-23 13:37:24.590409,SEND,0bef3e173dc60c869887e161c41b1e79
2016-04-23 13:37:24.693505,RECV,c9c0a10bac0bd84af2f32d78a0218ae6
2016-04-23 13:37:24.696064,SEND,b6c98f430e9479955f484553ff9df769
2016-04-23 13:37:24.772591,RECV,9219453e79da04b189f02f1284f5b57d
2016-04-23 13:37:24.814088,SEND,15dd344509bb75f7504b313bbadf14ea
2016-04-23 13:37:24.833648,SEND,8ac6af316bb9cb60be9e8fe0949d2131
2016-04-23 13:37:24.878691,RECV,78b473d0fea2b9d7e0472762e2397e6a
2016-04-23 13:37:24.889711,RECV,5ae981c40d88a06b30c2f1e521132eb5
2016-04-23 13:37:24.924735,SEND,bf7ce0a6f7928488351ab1a8a0b6279d
2016-04-23 13:37:24.970782,RECV,7736574b8deec0b6b9a417a9dc97f4bb
2016-04-23 13:37:24.999290,RECV,0349b0714b9a40f3caa9789793016424
2016-04-23 13:37:25.301114,SEND,23e4baf56325a1b59c2443e6f96fc1a0
