2016-04-23 13:37:22.710642,SEND,67afb03a397878dd26d14fe8647f4114
2016-04-23 13:37:22.712188,SEND,f08565a78d6564d87cdf8b8d8e7045ec
2016-04-23 13:37:23.178223,RECV,d021892e2ef292b54802a6a54b818330
2016-04-23 13:37:23.224460,SEND,c485b6d3343c54092ba05e23b050819d
2016-04-23 13:37:23.345556,RECV,748b340053c305fe423809a10f81c3b8
2016-04-23 13:37:23.498394,SEND,9e523b8137dd2b13674c2358aa83beff
2016-04-23 13:37:23.619434,RECV,85316fc6c7e33278ec0787246f15a3fa
2016-04-23 13:37:23.695510,SEND,2afd7645237a0e1e3dfff1d8bd7ddcbe
2016-04-23 13:37:23.801622,RECV,64cd5191d5750d10b739e5bdfe999804
2016-04-23 13:37:23.953766,SEND,7d2f02ba32f3571f97bd5a932e4f4fbc
2016-04-23 13:37:24.015825,RECV,e81a509648baf4dc8f425c20fc126542
2016-04-23 13:37:24.214025,SEND,a7de7dee5ba34e097c513be10fe4a528
2016-04-23 13:37:24.412486,RECV,87afc342fc69fd0fd1046ca7920f04f9
2016-04-23 13:37:24.549364,SEND,e9372b4f9dd8e34e7222f824f2ca026b
2016-04-23 13:37:24.701515,RECV,b6c98f430e9479955f484553ff9df769
2016-04-23 13:37:24.959772,SEND,0349b0714b9a40f3caa9789793016424
