2016-04-23 13:37:22.681022,SEND,3d894ea3acc02f53d4aeeff6aaf3337e
2016-04-23 13:37:22.695757,SEND,0c2e12ddfed5f6044beca2488c537594
2016-04-23 13:37:22.811823,RECV,3d894ea3acc02f53d4aeeff6aaf3337e
2016-04-23 13:37:22.982704,SEND,e78873ec7fa6eb7e6c1b4a3bb4244164
2016-04-23 13:37:22.994514,RECV,e78873ec7fa6eb7e6c1b4a3bb4244164
2016-04-23 13:37:23.236839,SEND,c165a546a7b1b70c76535732b84dacb7
2016-04-23 13:37:23.251072,RECV,c165a546a7b1b70c76535732b84dacb7
2016-04-23 13:37:23.566460,SEND,fb2da11981380dd555d26b0c86a52df8
2016-04-23 13:37:23.571052,RECV,fb2da11981380dd555d26b0c86a52df8
2016-04-23 13:37:23.813646,SEND,e8c1068a3691c082ba13ffa49a211d84
2016-04-23 13:37:23.827306,RECV,e8c1068a3691c082ba13ffa49a211d84
2016-04-23 13:37:23.917751,SEND,a9307ca45314259bfa6c0f9975963d57
2016-04-23 13:37:23.920736,RECV,a9307ca45314259bfa6c0f9975963d57
2016-04-23 13:37:24.024836,RECV,d45128796ee98f7b4c0755263747cb09
2016-04-23 13:37:24.025333,SEND,d45128796ee98f7b4c0755263747cb09
2016-04-23 13:37:24.312124,SEND,1dd628eff724198addc70281b2b18c1b
2016-04-23 13:37:24.314128,RECV,1dd628eff724198addc70281b2b18c1b
2016-04-23 13:37:24.433699,SEND,d09b25ad5b8b3ae0611629fe42ce1b93
2016-04-23 13:37:24.448261,RECV,d09b25ad5b8b3ae0611629fe42ce1b93
2016-04-23 13:37:24.662474,SEND,ac2a22ca92f96d4ef60210b16c4e8296
2016-04-23 13:37:24.694510,RECV,ac2a22ca92f96d4ef60210b16c4e8296
2016-04-23 13:37:24.830662,SEND,a7791db6307e23037984f09e83a96707
2016-04-23 13:37:24.845658,RECV,a7791db6307e23037984f09e83a96707
2016-04-23 13:37:24.920739,SEND,6cda9ca5f383cb32a8a6af6c185defc1
2016-04-23 13:37:24.923732,RECV,6cda9ca5f383cb32a8a6af6c185defc1
