2016-04-23 13:37:22.646353,SEND,1fd5652370fa07332743a378751fba3f
2016-04-23 13:37:22.659476,RECV,1fd5652370fa07332743a378751fba3f
2016-04-23 13:37:22.679057,SEND,375dc560b0be6fa9a2202945e1ab1e94
2016-04-23 13:37:22.751573,SEND,d38115a4a15231930c9fca9fdbe10bc7
2016-04-23 13:37:22.767584,RECV,d38115a4a15231930c9fca9fdbe10bc7
2016-04-23 13:37:22.932751,SEND,4686b0e5ebb5f741fc410c5703ff3734
2016-04-23 13:37:22.963278,RECV,4686b0e5ebb5f741fc410c5703ff3734
2016-04-23 13:37:23.750767,SEND,91ac4b6b7b7891012549cdbad5121f17
2016-04-23 13:37:23.753457,RECV,91ac4b6b7b7891012549cdbad5121f17
2016-04-23 13:37:23.904717,SEND,e80da0b587bfe92786e3e8eee25155d7
2016-04-23 13:37:23.932747,RECV,e80da0b587bfe92786e3e8eee25155d7
2016-04-23 13:37:24.008829,SEND,87131cdaed1b97db1cdd9eeeb40afb13
2016-04-23 13:37:24.024789,RECV,87131cdaed1b97db1cdd9eeeb40afb13
2016-04-23 13:37:24.393214,SEND,31664037ab03f1c75866097a987a7673
2016-04-23 13:37:24.421237,RECV,31664037ab03f1c75866097a987a7673
2016-04-23 13:37:24.480838,SEND,6a0b2498446836e816eda651f396f858
2016-04-23 13:37:24.484300,RECV,6a0b2498446836e816eda651f396f858
