2016-04-23 13:37:22.711411,SEND,96649f1b8971dfe55b6e75ab154f1596
2016-04-23 13:37:22.786601,SEND,2ea15ae0c3483bdb5560f99a60edc2ce
2016-04-23 13:37:22.887694,RECV,8e8c24f4d9995f6f5012b19eb1d0d114
2016-04-23 13:37:23.093146,SEND,6e93897989af105a4105940abd2ecdfc
2016-04-23 13:37:23.238052,RECV,13599dfddf565579cb5d0157d95c798f
2016-04-23 13:37:23.543603,SEND,0bd54bc730eb1153413bb6e11f569828
2016-04-23 13:37:23.678900,RECV,d8deeda5eeb9d895a2503b28f64dbac2
2016-04-23 13:37:23.784605,SEND,d020a8527faa1f8d2eac588d609cb372
2016-04-23 13:37:23.952768,RECV,ce5a28adbe7a7456be772eeaacb210dc
2016-04-23 13:37:24.031779,SEND,404aa160dfcaba3d205d1d7432e792af
2016-04-23 13:37:24.210023,RECV,367c5263fa578a6b8009269d1c28c6cd
2016-04-23 13:37:24.270960,SEND,92a415202d91c4a3715352627845cf66
2016-04-23 13:37:24.377642,RECV,127ed95ddaa9d4aff3c7acc9ba2638b0
2016-04-23 13:37:24.469279,SEND,b42be6f15820f944abc118179af246d2
2016-04-23 13:37:24.682500,RECV,5a5a8fbb4a63f28669223ba003f9dd04
2016-04-23 13:37:24.866679,SEND,4cab075548a4488cd68dc45dc8e96ff0
2016-04-23 13:37:24.973787,RECV,9366b3a25a7dceb0e60dd7da6248285a
2016-04-23 13:37:25.490304,SEND,09293c9c981994a0e84465cca83c9f6f
