2016-04-23 13:37:22.653474,SEND,32f93a9f1ab5be210e5d365d6e146575
2016-04-23 13:37:22.666940,SEND,e0cbbfc86db5125480a46a459cc0ca4e
2016-04-23 13:37:22.740940,RECV,e0cbbfc86db5125480a46a459cc0ca4e
2016-04-23 13:37:23.103740,SEND,83fab5975cd4299796499f8efc01b57d
2016-04-23 13:37:23.106923,RECV,83fab5975cd4299796499f8efc01b57d
2016-04-23 13:37:23.243064,SEND,6357bced2b37fc3ed9556a1afdd405d4
2016-04-23 13:37:23.288102,RECV,6357bced2b37fc3ed9556a1afdd405d4
2016-04-23 13:37:23.454886,SEND,7cd08620b76e88f688205dea1eeb6cf6
2016-04-23 13:37:23.456274,RECV,7cd08620b76e88f688205dea1eeb6cf6
2016-04-23 13:37:23.502371,SEND,7d5cb0cda8be28273f247ac8e5f0ef92
2016-04-23 13:37:23.558626,RECV,7d5cb0cda8be28273f247ac8e5f0ef92
2016-04-23 13:37:23.680877,SEND,687907e563f59d088a0c3aaf3260345a
2016-04-23 13:37:23.682497,RECV,687907e563f59d088a0c3aaf3260345a
2016-04-23 13:37:24.031278,SEND,e2a37da9d7cabfe718be42bced0f7052
2016-04-23 13:37:24.044860,RECV,e2a37da9d7cabfe718be42bced0f7052
2016-04-23 13:37:24.150987,SEND,15035bca2a14468b70e3fde84c3be83f
2016-04-23 13:37:24.153978,RECV,15035bca2a14468b70e3fde84c3be83f
2016-04-23 13:37:24.199474,SEND,d4f4acb3478239b8e476eb44e9dfac33
2016-04-23 13:37:24.226239,RECV,d4f4acb3478239b8e476eb44e9dfac33
2016-04-23 13:37:24.242062,SEND,ba90184dbafc1a596872c31157df9c5f
2016-04-23 13:37:24.245058,RECV,ba90184dbafc1a596872c31157df9c5f
2016-04-23 13:37:24.336165,SEND,0a653e85ad64057df8a9bd859bf57aa6
2016-04-23 13:37:24.378195,RECV,0a653e85ad64057df8a9bd859bf57aa6
2016-04-23 13:37:24.698911,SEND,5ad304d76133f4a8906144eb7a21a639
2016-04-23 13:37:24.702515,RECV,5ad304d76133f4a8906144eb7a21a639
2016-04-23 13:37:24.763575,SEND,7e60208b7c3d2985ab5ffb774cdc8763
2016-04-23 13:37:24.804940,RECV,7e60208b7c3d2985ab5ffb774cdc8763
2016-04-23 13:37:25.002822,SEND,c5aa75dffbb3dd6db30f8914812cf17e
2016-04-23 13:37:25.006820,RECV,c5aa75dffbb3dd6db30f8914812cf17e
