2016-04-23 13:37:22.636453,SEND,908db9f082a1160b25d0bfbe73055821
2016-04-23 13:37:22.648393,SEND,ea3ef620863e5f8ec3bbcc75c7616e1b
2016-04-23 13:37:22.662478,RECV,ea3ef620863e5f8ec3bbcc75c7616e1b
2016-04-23 13:37:22.707329,SEND,ac2518929adc8d2d52473948fa1b07d5
2016-04-23 13:37:22.710579,RECV,ac2518929adc8d2d52473948fa1b07d5
2016-04-23 13:37:23.059900,SEND,a65aa73e082d6106da3084ebf0048ee0
2016-04-23 13:37:23.086638,RECV,a65aa73e082d6106da3084ebf0048ee0
2016-04-23 13:37:23.165986,RECV,29a31b066e69614eea9b49277aa7172b
2016-04-23 13:37:23.177240,SEND,29a31b066e69614eea9b49277aa7172b
2016-04-23 13:37:23.241519,SEND,0cacdae95a2c837529fd945c4bd55b42
2016-04-23 13:37:23.268232,RECV,0cacdae95a2c837529fd945c4bd55b42
2016-04-23 13:37:23.374211,SEND,9363907baa7eaabad2fc74204f0afbcb
2016-04-23 13:37:23.393208,RECV,9363907baa7eaabad2fc74204f0afbcb
2016-04-23 13:37:23.860516,RECV,5a493f8cdab2ba74c1f57856edba1ce3
2016-04-23 13:37:23.862520,SEND,5a493f8cdab2ba74c1f57856edba1ce3
2016-04-23 13:37:23.968292,SEND,bd9be6d66bcc5135652c0b8fdf0611fb
2016-04-23 13:37:23.984218,RECV,bd9be6d66bcc5135652c0b8fdf0611fb
2016-04-23 13:37:24.029338,SEND,9df0cc6feda4f5ada800a668fd6fa321
2016-04-23 13:37:24.044303,RECV,9df0cc6feda4f5ada800a668fd6fa321
2016-04-23 13:37:24.089923,SEND,8df98dc305b7c6396f14e0b13af209ce
2016-04-23 13:37:24.105363,RECV,8df98dc305b7c6396f14e0b13af209ce
2016-04-23 13:37:24.243060,SEND,5e13de32457b19a7cb926e08b68d077d
2016-04-23 13:37:24.270835,RECV,5e13de32457b19a7cb926e08b68d077d
2016-04-23 13:37:24.346511,SEND,cc97c95d108f869f255ab7ad2fd018d3
2016-04-23 13:37:24.441208,RECV,cc97c95d108f869f255ab7ad2fd018d3
2016-04-23 13:37:24.622841,SEND,caefcf32f76f25f94711067086d71f6c
2016-04-23 13:37:24.638427,RECV,caefcf32f76f25f94711067086d71f6c
2016-04-23 13:37:24.697139,SEND,45c51f3e4ef1d86e3c832eac608f5de8
2016-04-23 13:37:24.714152,RECV,45c51f3e4ef1d86e3c832eac608f5de8
2016-04-23 13:37:24.790607,SEND,af41b952a4983e6b96a088696e0f3a8c
2016-04-23 13:37:24.818497,RECV,af41b952a4983e6b96a088696e0f3a8c
2016-04-23 13:37:24.970791,SEND,2518e327167a488ff2999aa2b036a3fc
2016-04-23 13:37:25.184899,RECV,2518e327167a488ff2999aa2b036a3fc
