2016-04-23 13:37:22.710530,SEND,94db5b21506950cd75fee969f103b1bb
2016-04-23 13:37:22.721952,SEND,a7d6798e46ca1c1e037639ef30e5385a
2016-04-23 13:37:22.750531,RECV,a7d6798e46ca1c1e037639ef30e5385a
2016-04-23 13:37:22.981796,RECV,49600b85c44bc8f60a7ea256973da502
2016-04-23 13:37:22.995301,SEND,49600b85c44bc8f60a7ea256973da502
2016-04-23 13:37:23.088130,SEND,0eec170c961986edcc2c568702daeced
2016-04-23 13:37:23.130165,RECV,0eec170c961986edcc2c568702daeced
2016-04-23 13:37:23.341924,SEND,b499d29c352c194a87166f201019b0ae
2016-04-23 13:37:23.377826,RECV,b499d29c352c194a87166f201019b0ae
2016-04-23 13:37:23.663030,SEND,0485afd8d796a463b992c9b832c73db6
2016-04-23 13:37:23.691982,RECV,0485afd8d796a463b992c9b832c73db6
2016-04-23 13:37:23.752573,SEND,fd3316ca16d54f6ac408f188d1abd616
2016-04-23 13:37:23.848551,RECV,fd3316ca16d54f6ac408f188d1abd616
2016-04-23 13:37:24.074893,SEND,68894a2eea23acc4be02dd43c85753e3
2016-04-23 13:37:24.131537,RECV,68894a2eea23acc4be02dd43c85753e3
2016-04-23 13:37:24.192193,SEND,307c556d9da56ea35e63da0de271db82
2016-04-23 13:37:24.240405,RECV,307c556d9da56ea35e63da0de271db82
2016-04-23 13:37:24.317244,SEND,38ea9bcf3776e3e44234a8750b99fb22
2016-04-23 13:37:24.374765,RECV,38ea9bcf3776e3e44234a8750b99fb22
2016-04-23 13:37:24.420239,SEND,e8095404d4d20202d4358d4ac7cc725e
2016-04-23 13:37:24.453953,RECV,e8095404d4d20202d4358d4ac7cc725e
2016-04-23 13:37:24.544774,SEND,7201b1c491199d629b52d67ac517f425
2016-04-23 13:37:24.571609,RECV,7201b1c491199d629b52d67ac517f425
2016-04-23 13:37:24.740178,SEND,4483a85bd0d99c3e1233a16325eab4fc
2016-04-23 13:37:24.772858,RECV,4483a85bd0d99c3e1233a16325eab4fc
2016-04-23 13:37:24.850668,SEND,9742f4a423dc8cec1904896f9a997a25
2016-04-23 13:37:24.984799,RECV,9742f4a423dc8cec1904896f9a997a25
2016-04-23 13:37:25.044108,SEND,8d29ceda02e7b1c7f57bfda06487dc6b
2016-04-23 13:37:25.060879,RECV,8d29ceda02e7b1c7f57bfda06487dc6b
2016-04-23 13:37:25.548463,SEND,125301575f6f1f2ff00df445cd13fe0f
