2016-04-23 13:37:22.793131,SEND,8326230f4064822b945f8f42b12ed812
2016-04-23 13:37:22.841052,SEND,915377833e233d01e5d38dfde9616119
2016-04-23 13:37:22.855928,RECV,915377833e233d01e5d38dfde9616119
2016-04-23 13:37:22.961732,SEND,ca7b336b1f92c8dfe6eeeb8aa66ee04f
2016-04-23 13:37:22.994814,RECV,ca7b336b1f92c8dfe6eeeb8aa66ee04f
2016-04-23 13:37:23.100142,SEND,d74cadf5f841ac89c6ed2f68ae4dda72
2016-04-23 13:37:23.112927,RECV,d74cadf5f841ac89c6ed2f68ae4dda72
2016-04-23 13:37:23.158988,SEND,f1d226a45113f4991f6f48dc804eed07
2016-04-23 13:37:23.174045,RECV,f1d226a45113f4991f6f48dc804eed07
2016-04-23 13:37:23.387257,SEND,efe5bf137159ad7397ac27e35b03146d
2016-04-23 13:37:23.462279,RECV,efe5bf137159ad7397ac27e35b03146d
2016-04-23 13:37:23.644062,SEND,b054e10402e2af9a426d2bfac2984363
2016-04-23 13:37:23.659299,RECV,b054e10402e2af9a426d2bfac2984363
2016-04-23 13:37:23.841671,SEND,b3aee78f045f3024007a8bd9b2bc5619
2016-04-23 13:37:23.869900,RECV,b3aee78f045f3024007a8bd9b2bc5619
2016-04-23 13:37:23.901714,SEND,1f3412eddd167dd6c3c66e234ab36b6f
2016-04-23 13:37:23.917427,RECV,1f3412eddd167dd6c3c66e234ab36b6f
2016-04-23 13:37:24.009827,SEND,0c9c684e7d98d2759ad8b6b51f228b95
2016-04-23 13:37:24.022837,RECV,0c9c684e7d98d2759ad8b6b51f228b95
2016-04-23 13:37:24.112933,SEND,d4d8f61ce8c6c4497f80224d2b7282a8
2016-04-23 13:37:24.128943,RECV,d4d8f61ce8c6c4497f80224d2b7282a8
2016-04-23 13:37:24.251074,SEND,917c9a982974709f7560ce10b61411a2
2016-04-23 13:37:24.279143,RECV,917c9a982974709f7560ce10b61411a2
2016-04-23 13:37:24.340178,SEND,0a12404e39d12c882866c430efef7907
2016-04-23 13:37:24.355576,RECV,0a12404e39d12c882866c430efef7907
2016-04-23 13:37:24.491291,SEND,cc65e09e5739169206c6d90a5949057f
2016-04-23 13:37:24.506325,RECV,cc65e09e5739169206c6d90a5949057f
2016-04-23 13:37:24.686743,SEND,3ec755df60bd6bd8ec1f3bb64bce90f6
2016-04-23 13:37:24.750231,RECV,3ec755df60bd6bd8ec1f3bb64bce90f6
2016-04-23 13:37:24.796632,SEND,98ed970d85cb878c8d8d00c5af0b42a4
2016-04-23 13:37:24.900714,RECV,98ed970d85cb878c8d8d00c5af0b42a4
2016-04-23 13:37:24.960780,SEND,3a16b92419f054bc15a23b5dc37a9bcc
2016-04-23 13:37:24.977107,RECV,3a16b92419f054bc15a23b5dc37a9bcc
2016-04-23 13:37:25.087816,SEND,67b0c08936d384184cd1c32e452b2547
2016-04-23 13:37:25.098516,RECV,67b0c08936d384184cd1c32e452b2547
2016-04-23 13:48:52.555433,SEND,e47158bf7dc6da699f06db4dca25cef5
