Mean delay : 0.0243189244357
Std dev    : 0.0265552287176
Bin[0] = 173
Bin[1] = 405
Bin[2] = 183
Bin[3] = 80
Bin[4] = 51
Bin[5] = 24
Bin[6] = 22
Bin[7] = 18
Bin[8] = 9
Bin[9] = 6
Bin[10] = 24
Total packets  : 24
Total neg packets : 30
total_outlierpackets : 6
