Mean delay : 0.214602064972
Std dev    : 0.0683510894714
Bin[0] = 0
Bin[1] = 0
Bin[2] = 0
Bin[3] = 1
Bin[4] = 0
Bin[5] = 0
Bin[6] = 3
Bin[7] = 0
Bin[8] = 0
Bin[9] = 0
Bin[10] = 373
Total packets  : 377
Total neg packets : 0
total_outlierpackets : 23
