Mean delay : 0.135905248
Std dev    : 0.0595438840826
Bin[0] = 0
Bin[1] = 1
Bin[2] = 0
Bin[3] = 1
Bin[4] = 0
Bin[5] = 17
Bin[6] = 19
Bin[7] = 33
Bin[8] = 27
Bin[9] = 26
Bin[10] = 268
Total packets  : 392
Total neg packets : 0
total_outlierpackets : 17
