Mean delay : 0.0823688417266
Std dev    : 0.125682150559
Bin[0] = 21
Bin[1] = 30
Bin[2] = 17
Bin[3] = 8
Bin[4] = 7
Bin[5] = 4
Bin[6] = 2
Bin[7] = 5
Bin[8] = 2
Bin[9] = 1
Bin[10] = 52
Total packets  : 52
Total neg packets : 7
total_outlierpackets : 17
