Mean delay : 0.0289327352941
Std dev    : 0.061177081174
Bin[0] = 20
Bin[1] = 35
Bin[2] = 3
Bin[3] = 0
Bin[4] = 1
Bin[5] = 0
Bin[6] = 0
Bin[7] = 2
Bin[8] = 0
Bin[9] = 0
Bin[10] = 9
Total packets  : 9
Total neg packets : 2
total_outlierpackets : 4
