Mean delay : 0.01149178
Std dev    : 0.0083354368149
Bin[0] = 108
Bin[1] = 131
Bin[2] = 7
Bin[3] = 1
Bin[4] = 1
Bin[5] = 0
Bin[6] = 0
Bin[7] = 0
Bin[8] = 0
Bin[9] = 0
Bin[10] = 1
Total packets  : 249
Total neg packets : 1
total_outlierpackets : 0
