Mean delay : 0.0158756013986
Std dev    : 0.0256279179352
Bin[0] = 59
Bin[1] = 62
Bin[2] = 4
Bin[3] = 3
Bin[4] = 1
Bin[5] = 2
Bin[6] = 0
Bin[7] = 2
Bin[8] = 1
Bin[9] = 1
Bin[10] = 2
Total packets  : 2
Total neg packets : 6
total_outlierpackets : 0
