Mean delay : 0.0149055345345
Std dev    : 0.0157809744406
Bin[0] = 606
Bin[1] = 699
Bin[2] = 229
Bin[3] = 67
Bin[4] = 13
Bin[5] = 11
Bin[6] = 3
Bin[7] = 3
Bin[8] = 3
Bin[9] = 4
Bin[10] = 10
Total packets  : 1648
Total neg packets : 29
total_outlierpackets : 12
