Mean delay : 0.0237560810811
Std dev    : 0.0505422794244
Bin[0] = 12
Bin[1] = 22
Bin[2] = 0
Bin[3] = 0
Bin[4] = 0
Bin[5] = 1
Bin[6] = 0
Bin[7] = 0
Bin[8] = 0
Bin[9] = 0
Bin[10] = 3
Total packets  : 3
Total neg packets : 0
total_outlierpackets : 1
