Mean delay : 0.0288842285714
Std dev    : 0.0641245978233
Bin[0] = 31
Bin[1] = 19
Bin[2] = 5
Bin[3] = 3
Bin[4] = 1
Bin[5] = 0
Bin[6] = 0
Bin[7] = 0
Bin[8] = 2
Bin[9] = 0
Bin[10] = 11
Total packets  : 11
Total neg packets : 4
total_outlierpackets : 6
