Mean delay : 0.0149941957831
Std dev    : 0.0144375005998
Bin[0] = 564
Bin[1] = 739
Bin[2] = 235
Bin[3] = 65
Bin[4] = 13
Bin[5] = 3
Bin[6] = 3
Bin[7] = 1
Bin[8] = 2
Bin[9] = 1
Bin[10] = 13
Total packets  : 1639
Total neg packets : 31
total_outlierpackets : 10
