Mean delay : 0.0259075344828
Std dev    : 0.0591699453327
Bin[0] = 23
Bin[1] = 28
Bin[2] = 2
Bin[3] = 0
Bin[4] = 1
Bin[5] = 0
Bin[6] = 0
Bin[7] = 0
Bin[8] = 0
Bin[9] = 0
Bin[10] = 4
Total packets  : 4
Total neg packets : 0
total_outlierpackets : 0
