Mean delay : 0.0266157749196
Std dev    : 0.0329201787728
Bin[0] = 50
Bin[1] = 95
Bin[2] = 71
Bin[3] = 39
Bin[4] = 11
Bin[5] = 12
Bin[6] = 6
Bin[7] = 3
Bin[8] = 5
Bin[9] = 1
Bin[10] = 9
Total packets  : 9
Total neg packets : 11
total_outlierpackets : 2
