Mean delay : 0.0516958423773
Std dev    : 0.0164368739392
Bin[0] = 0
Bin[1] = 0
Bin[2] = 13
Bin[3] = 108
Bin[4] = 71
Bin[5] = 113
Bin[6] = 39
Bin[7] = 24
Bin[8] = 10
Bin[9] = 5
Bin[10] = 12
Total packets  : 395
Total neg packets : 0
total_outlierpackets : 8
