Mean delay : 0.100143646739
Std dev    : 0.0332947836852
Bin[0] = 0
Bin[1] = 1
Bin[2] = 0
Bin[3] = 0
Bin[4] = 0
Bin[5] = 2
Bin[6] = 19
Bin[7] = 24
Bin[8] = 20
Bin[9] = 44
Bin[10] = 87
Total packets  : 197
Total neg packets : 0
total_outlierpackets : 13
