Mean delay : 0.023926349359
Std dev    : 0.0297410204685
Bin[0] = 180
Bin[1] = 368
Bin[2] = 172
Bin[3] = 78
Bin[4] = 44
Bin[5] = 17
Bin[6] = 15
Bin[7] = 10
Bin[8] = 6
Bin[9] = 5
Bin[10] = 22
Total packets  : 22
Total neg packets : 24
total_outlierpackets : 5
