Mean delay : 0.0225115887097
Std dev    : 0.0365009538022
Bin[0] = 37
Bin[1] = 63
Bin[2] = 12
Bin[3] = 1
Bin[4] = 2
Bin[5] = 1
Bin[6] = 1
Bin[7] = 0
Bin[8] = 1
Bin[9] = 0
Bin[10] = 6
Total packets  : 6
Total neg packets : 0
total_outlierpackets : 0
