Mean delay : 0.034612962406
Std dev    : 0.0773292729827
Bin[0] = 37
Bin[1] = 55
Bin[2] = 8
Bin[3] = 6
Bin[4] = 3
Bin[5] = 2
Bin[6] = 3
Bin[7] = 2
Bin[8] = 0
Bin[9] = 1
Bin[10] = 14
Total packets  : 14
Total neg packets : 8
total_outlierpackets : 6
