Mean delay : 0.0187199480519
Std dev    : 0.0254798544272
Bin[0] = 54
Bin[1] = 67
Bin[2] = 13
Bin[3] = 9
Bin[4] = 3
Bin[5] = 2
Bin[6] = 0
Bin[7] = 1
Bin[8] = 0
Bin[9] = 0
Bin[10] = 4
Total packets  : 4
Total neg packets : 1
total_outlierpackets : 0
