Mean delay : 0.0151848310658
Std dev    : 0.0187045138394
Bin[0] = 642
Bin[1] = 716
Bin[2] = 251
Bin[3] = 77
Bin[4] = 15
Bin[5] = 12
Bin[6] = 3
Bin[7] = 3
Bin[8] = 1
Bin[9] = 0
Bin[10] = 11
Total packets  : 1731
Total neg packets : 38
total_outlierpackets : 5
