Mean delay : 0.0664682671233
Std dev    : 0.102928233039
Bin[0] = 21
Bin[1] = 29
Bin[2] = 23
Bin[3] = 9
Bin[4] = 3
Bin[5] = 4
Bin[6] = 9
Bin[7] = 2
Bin[8] = 9
Bin[9] = 4
Bin[10] = 42
Total packets  : 42
Total neg packets : 9
total_outlierpackets : 18
