Mean delay : 0.013656674685
Std dev    : 0.0134576394148
Bin[0] = 287
Bin[1] = 509
Bin[2] = 51
Bin[3] = 17
Bin[4] = 2
Bin[5] = 1
Bin[6] = 0
Bin[7] = 0
Bin[8] = 0
Bin[9] = 0
Bin[10] = 5
Total packets  : 872
Total neg packets : 3
total_outlierpackets : 2
