Mean delay : 0.0523992513812
Std dev    : 0.0196194208436
Bin[0] = 0
Bin[1] = 1
Bin[2] = 2
Bin[3] = 82
Bin[4] = 109
Bin[5] = 106
Bin[6] = 19
Bin[7] = 26
Bin[8] = 5
Bin[9] = 7
Bin[10] = 13
Total packets  : 370
Total neg packets : 0
total_outlierpackets : 8
