Mean delay : 0.0249101086475
Std dev    : 0.0171832442795
Bin[0] = 4
Bin[1] = 209
Bin[2] = 160
Bin[3] = 49
Bin[4] = 25
Bin[5] = 2
Bin[6] = 1
Bin[7] = 0
Bin[8] = 0
Bin[9] = 0
Bin[10] = 3
Total packets  : 453
Total neg packets : 0
total_outlierpackets : 2
