Mean delay : 0.0343151932773
Std dev    : 0.0577696859691
Bin[0] = 32
Bin[1] = 32
Bin[2] = 6
Bin[3] = 6
Bin[4] = 4
Bin[5] = 3
Bin[6] = 6
Bin[7] = 3
Bin[8] = 0
Bin[9] = 1
Bin[10] = 14
Total packets  : 14
Total neg packets : 16
total_outlierpackets : 4
