Mean delay : 0.021030952381
Std dev    : 0.0403516883623
Bin[0] = 23
Bin[1] = 31
Bin[2] = 3
Bin[3] = 1
Bin[4] = 0
Bin[5] = 0
Bin[6] = 0
Bin[7] = 0
Bin[8] = 0
Bin[9] = 0
Bin[10] = 5
Total packets  : 5
Total neg packets : 2
total_outlierpackets : 2
