Mean delay : 0.0157568490044
Std dev    : 0.0234722703566
Bin[0] = 563
Bin[1] = 918
Bin[2] = 224
Bin[3] = 50
Bin[4] = 10
Bin[5] = 0
Bin[6] = 3
Bin[7] = 0
Bin[8] = 0
Bin[9] = 1
Bin[10] = 17
Total packets  : 1786
Total neg packets : 28
total_outlierpackets : 6
