Mean delay : 0.0974301019108
Std dev    : 0.0403352148506
Bin[0] = 0
Bin[1] = 2
Bin[2] = 1
Bin[3] = 7
Bin[4] = 14
Bin[5] = 29
Bin[6] = 41
Bin[7] = 28
Bin[8] = 29
Bin[9] = 31
Bin[10] = 132
Total packets  : 132
Total neg packets : 0
total_outlierpackets : 0
