Mean delay : 0.0134313937947
Std dev    : 0.0166899477515
Bin[0] = 292
Bin[1] = 463
Bin[2] = 63
Bin[3] = 5
Bin[4] = 0
Bin[5] = 0
Bin[6] = 0
Bin[7] = 1
Bin[8] = 1
Bin[9] = 1
Bin[10] = 6
Total packets  : 832
Total neg packets : 10
total_outlierpackets : 4
