2016-04-23 13:53:09.323261,SEND,80b59dc64951fff6fc724eb657cfe271
2016-04-23 13:53:09.359553,SEND,752b32896f5ffce0a7c5d61b8ff029a7
2016-04-23 13:53:09.413689,RECV,9098a5db07917d470c09ae5882a118b1
2016-04-23 13:53:09.563915,SEND,a898e1a8d0a9b9245edab2f733bf88da
2016-04-23 13:53:09.650525,RECV,000ac3fa85dafe2f5c42ad3c22a88168
2016-04-23 13:53:09.670514,RECV,348eff56ef4434a0b39d742e7b393b24
2016-04-23 13:53:09.697971,RECV,be7ab5a5d19798624baee19491ff490d
2016-04-23 13:53:09.744612,SEND,961c376819539313dc02ebc864301113
2016-04-23 13:53:09.745610,SEND,930f4895ad32ac52b4307ad5303d2dac
2016-04-23 13:53:09.773656,SEND,a44b900ff35fc79222e56c77f9bccff7
2016-04-23 13:53:09.821391,RECV,5162377262aa813a0a0fa8fd94483ca8
2016-04-23 13:53:09.863733,RECV,254838ca7bf082b041d9f7c17af66cbe
2016-04-23 13:53:09.970838,RECV,a798de60ed45dadb3a6418da5a4f5d9d
2016-04-23 13:53:09.972744,SEND,86aac839771c1f6f8c70da22306397ee
2016-04-23 13:53:09.984883,SEND,536d83c736bf3bce7f42f14d91dc672c
2016-04-23 13:53:10.031891,SEND,ef2fa0290d635682aee2ee446fb7fe54
2016-04-23 13:53:10.049916,RECV,a4828b312641b8eec632839a25051242
2016-04-23 13:53:10.095227,SEND,900ee420db6e41207ee161dd86e0cd94
2016-04-23 13:53:10.135341,RECV,a2818dfe75c363d5d345dc62f13020fd
2016-04-23 13:53:10.169955,RECV,159f5ae753890557cf64dc1d3a1ddd94
2016-04-23 13:53:10.230515,RECV,649a1989e22c61a91f1fcf46ed149b2a
2016-04-23 13:53:10.274146,SEND,3d9d9d2b9260b1591bab918f911e4318
2016-04-23 13:53:10.277150,SEND,d78f165c418835f13dffc87cb9bfe3fb
2016-04-23 13:53:10.287659,SEND,546d7d8d8e43b17978cf31e9078817d1
2016-04-23 13:53:10.351070,RECV,09298a705dd8d578e0d6d57b99799f64
2016-04-23 13:53:10.414286,SEND,f54f5ede5cb83dcb7261acf3ba9476c8
2016-04-23 13:53:10.494361,RECV,d3294845b1177d73325fcb0a9d474c16
2016-04-23 13:53:10.524058,RECV,5ec388efac4372c0989f8581b2d22672
2016-04-23 13:53:10.526398,SEND,2551507738407312cca7ffe36952f971
2016-04-23 13:53:10.598465,RECV,3a706f41cffcd3927562bbd52bb812fb
2016-04-23 13:53:10.629503,SEND,5c87605878598c842ab29594f206709f
2016-04-23 13:53:10.676655,RECV,ea94735a7ec521899420320e1ebc652f
2016-04-23 13:53:10.723895,SEND,dfe57b2b250b539b235e44f2a0adc7bb
2016-04-23 13:53:10.795665,SEND,d99edf22157698527597217930b1a46a
2016-04-23 13:53:10.903769,RECV,62cc96ded93e37b7867cb0de6ef89a14
2016-04-23 13:53:10.936884,RECV,8d71146ff7d0a2724302f38435d7931e
2016-04-23 13:53:10.965847,SEND,3ecbe01e9759efad5d2181418abe5fc3
2016-04-23 13:53:11.071939,RECV,fb860ccdd1aeb502f25099a2abe548fe
2016-04-23 13:53:11.075959,SEND,de2aed91afa96cb0a389d740b72ab7bc
2016-04-23 13:53:11.102973,SEND,faeaa1307e218b6de2c404ea4b5f9965
2016-04-23 13:53:11.167033,RECV,a93a2e5aee377df857823834803ac30d
2016-04-23 13:53:11.209182,RECV,ab7322f9bf9bfbd35cc92bb03a9bfaac
2016-04-23 13:53:11.216634,SEND,61309ccd5c21222ff19370da609a8611
2016-04-23 13:53:11.240645,SEND,0b2ece398c40f3017f0f74c4a4e5cbe6
2016-04-23 13:53:11.320517,RECV,25918780d88d5bb45494ee3632fd7de2
2016-04-23 13:53:11.333215,RECV,bd740b477682afd495408f8e1fea685b
2016-04-23 13:53:11.364753,SEND,1ce1e13d8a31199c1e1fdb39a111cf53
2016-04-23 13:53:11.399269,SEND,8447a2454435859afb05b4d77458f1a6
2016-04-23 13:53:11.441306,RECV,04114c93d0c1003d6f3cc738d0a1fda7
2016-04-23 13:53:11.484617,SEND,f97abb6d509c9ba40495cac09affabb8
2016-04-23 13:53:11.551421,RECV,4d33a48f4494674b2e190989c8f427c4
2016-04-23 13:53:11.621863,RECV,8bfdd9c9bb40ff749317e25714359845
2016-04-23 13:53:11.639980,RECV,cda5e192aff4b444701ab51f6fda4085
2016-04-23 13:53:11.642512,SEND,c8e677b2bc21b063ffccc14e9d1bc913
2016-04-23 13:53:11.745840,SEND,f1f2b917455e6bf895a107ead0de3039
2016-04-23 13:53:11.745904,SEND,ce2ea176184a2417290fc68f506ac92e
2016-04-23 13:53:11.805371,RECV,5e575abe1d80b469d9474f7a4728fa12
2016-04-23 13:53:11.885749,RECV,b7a0b001ee4ba473a1ba500aa7f480aa
2016-04-23 14:04:01.432457,SEND,733da53a3a6c66c30d3f72bc2186acee
