2016-04-23 13:53:09.304178,SEND,d987cb5e3c7bf7d09f3c04fd92c31bb9
2016-04-23 13:53:09.353385,SEND,8728d221c765bfdf382aa42d30691589
2016-04-23 13:53:09.602473,RECV,7967012e4af480d7aba3c3fd9a2d97d7
2016-04-23 13:53:09.754555,SEND,a9591454159f41dc799b00ecddbd518c
2016-04-23 13:53:09.859790,RECV,a26ac2dcd4779362a5d52b35d9bd8676
2016-04-23 13:53:09.952843,SEND,cf32a631ef927a2a490389a54ed966cf
2016-04-23 13:53:10.182056,RECV,3636fddc315a7e66815eac55e529ade1
2016-04-23 13:53:10.258497,SEND,a1353f01ea5d9ec748433aa3de150862
2016-04-23 13:53:10.548797,RECV,33f9fe8350cce686288fcacd9d8e589b
2016-04-23 13:53:10.596335,SEND,f8558c79dacde85d5d180beb1331f4b1
2016-04-23 13:53:10.704585,RECV,3c220e324e9463210a1deab826e85b65
2016-04-23 13:53:10.917193,SEND,e00a00b4e49245e9a59e4d30115d634f
2016-04-23 13:53:11.024319,RECV,25e33458bf0f9ae71f15326cf5ffd89e
2016-04-23 13:53:11.100837,SEND,8fd9d16dc44a8318b8aa5c74d1a13bbd
2016-04-23 13:53:11.192576,RECV,f46be1bef9582baf99ded8b0c2a9a12b
2016-04-23 13:53:11.240138,SEND,bb3a4e0823abf196baaed43d410e3527
2016-04-23 13:53:11.315730,RECV,12ff71ca3a8043b9e7cd5b860fea6cdb
2016-04-23 13:53:11.392749,SEND,f419bd3d3d72c39e8ec8b8fff1135fae
2016-04-23 13:53:11.514050,RECV,7fe3cdd185d85cdfda536e0cdc4ecf03
2016-04-23 13:53:11.635756,SEND,e4b76e201064b4960bd5cb83dc1bcdbd
