2016-04-23 13:53:09.296782,SEND,b40578643855df7affa553bc5bcf51e2
2016-04-23 13:53:09.388843,RECV,39bb8b867ac8e84a559169ecbe6fdf34
2016-04-23 13:53:09.417288,SEND,0b4ddffce7d03c90878e6b5807ee7e46
2016-04-23 13:53:09.446312,SEND,713709cb48b690a6c4ddf8804266feb6
2016-04-23 13:53:09.576444,RECV,f3d7051b8da06bf1812bdd29bf728157
2016-04-23 13:53:09.667626,SEND,aad670454bcdb579fff7289de68fe2cf
2016-04-23 13:53:09.867773,RECV,6644ccbb8f069a7787f8612eb14fb987
2016-04-23 13:53:09.904773,RECV,ec541d0f05c9cd2d511942ebc78faef2
2016-04-23 13:53:09.960835,SEND,f40a4addff70bd7c72240be225f13033
2016-04-23 13:53:09.970842,SEND,18d318b5fcf29ba2106fba151677bc65
2016-04-23 13:53:10.052919,RECV,b74c0347e7c3eca20d3ec7eb2e87250d
2016-04-23 13:53:10.064923,RECV,559db83a492a8858791d662b14a3d9d1
2016-04-23 13:53:10.145132,SEND,8523c1ab5edfc797ecd875759042ce7b
2016-04-23 13:53:10.156468,SEND,f76a9fcdf5cda3d8a671091ab1046dd4
2016-04-23 13:53:10.224090,RECV,2b1b5aa6e6187f05c526789f315fcb26
2016-04-23 13:53:10.304993,SEND,fcc15eec614af37f9794529c7f81ba69
2016-04-23 13:53:10.343209,RECV,cb36478bbba87c23cf749bb22305fd87
2016-04-23 13:53:10.411276,RECV,dc7c85567ccf97c9911c36d1e1b7d7d2
2016-04-23 13:53:10.451318,SEND,1934851b731bb3fa56a5815e77bcc9ab
2016-04-23 13:53:10.487360,SEND,31aabec577b9c810fda87c05e4b7056c
2016-04-23 13:53:10.638216,RECV,051e0198b62f48ac3e9d116b45e9d0fb
2016-04-23 13:53:10.647582,RECV,29d8a0005fbb09711f40dd84291f7ef6
2016-04-23 13:53:10.690555,SEND,3f6dbf9707a9e88dab5166ff898562ed
2016-04-23 13:53:10.714585,SEND,bd948ca57312991e207991e6e7b73742
2016-04-23 13:53:10.823285,RECV,f75596bc0550f397760f7c34b2e43484
2016-04-23 13:53:10.844996,RECV,fdfb8bce6b28ed74c189fda85533958e
2016-04-23 13:53:10.923926,SEND,d19bcf8b7fbf841cefe9deb925c1b131
2016-04-23 13:53:10.953282,SEND,35097fc87caa94eacd9713a5d5a13924
2016-04-23 13:53:11.069824,RECV,0c7c2e611282ed7d7604fe181eff29d7
2016-04-23 13:53:11.112986,RECV,9e9d095f3a7c1c9477d9dc63cae21b02
2016-04-23 13:53:11.151028,SEND,8b89a915895d4f59ae2986169f4d4839
2016-04-23 13:53:11.244109,RECV,2d4616c92cda53fd4c37a8306345ae72
2016-04-23 13:53:11.258687,SEND,a2cba3f273ed3db042ac643551b1135d
2016-04-23 13:53:11.335468,SEND,c477c3cec756dab3c3fbf5cb32503977
2016-04-23 13:53:11.439185,RECV,e53fb0349a11d69e2109a58dd6852bdc
2016-04-23 13:53:11.441306,RECV,50603ae65eee0bc644c622885fd71d3d
2016-04-23 13:53:11.468336,SEND,9d4e7fd955f7e839a6ee9d16c6cd74c2
2016-04-23 13:53:11.535400,RECV,820b507f1bd65722080b5e89ba2ba1a3
2016-04-23 13:53:11.545044,SEND,883efeadbe46860e3314dfacb5c21865
2016-04-23 13:53:11.627510,SEND,b4de7388ed1e9ed7eb6c6e597388ba3f
2016-04-23 13:53:11.772088,RECV,587945b159b9ec87447a33d6c51c5e3f
2016-04-23 13:53:11.789057,RECV,160cea4b5b426efb885d8bdf4be7dab0
2016-04-23 13:53:12.120665,SEND,9d0c1459042a5433758b40e797dfcc9d
