2016-04-23 13:53:09.345220,SEND,8fa1ff8cf79ba830a45d431412d94ac4
2016-04-23 13:53:09.385259,SEND,9c473d9ffb3bebbf148a47c703647dec
2016-04-23 13:53:09.458325,RECV,9c473d9ffb3bebbf148a47c703647dec
2016-04-23 13:53:09.610640,SEND,abb2db2e29cd5009eceea7420c979840
2016-04-23 13:53:09.613480,RECV,abb2db2e29cd5009eceea7420c979840
2016-04-23 13:53:09.658548,SEND,0a3367555b354de4bd69f4334be9e0f9
2016-04-23 13:53:09.671537,RECV,0a3367555b354de4bd69f4334be9e0f9
2016-04-23 13:53:09.732598,SEND,480d11a8dca8b2627adbfd0cc52e0b33
2016-04-23 13:53:09.748234,RECV,480d11a8dca8b2627adbfd0cc52e0b33
2016-04-23 13:53:09.885757,SEND,8e0ff8ab1cd1665c30bcf9743b07829a
2016-04-23 13:53:09.897767,RECV,8e0ff8ab1cd1665c30bcf9743b07829a
2016-04-23 13:53:09.974570,SEND,ccb9ab4717725c9f6689d2b65d449d17
2016-04-23 13:53:09.976843,RECV,ccb9ab4717725c9f6689d2b65d449d17
2016-04-23 13:53:10.007880,SEND,62487ac5be68d3faf70b73197e315436
2016-04-23 13:53:10.020873,RECV,62487ac5be68d3faf70b73197e315436
2016-04-23 13:53:10.188286,SEND,8c74d046781d9e6f6d9e35ab8d4c3606
2016-04-23 13:53:10.191060,RECV,8c74d046781d9e6f6d9e35ab8d4c3606
2016-04-23 13:53:10.237108,SEND,cae93e72eb6c0cd513da92715510c7ba
2016-04-23 13:53:10.249725,RECV,cae93e72eb6c0cd513da92715510c7ba
2016-04-23 13:53:10.342208,SEND,8fe11f1748fac0889864736db1bb628e
2016-04-23 13:53:10.358232,RECV,8fe11f1748fac0889864736db1bb628e
2016-04-23 13:53:10.480437,SEND,f50eef74fa26cba0a685e101d7cac794
2016-04-23 13:53:10.495360,RECV,f50eef74fa26cba0a685e101d7cac794
2016-04-23 13:53:10.569442,SEND,9fc307065b077b0a7f3e62fac722675a
2016-04-23 13:53:10.572666,RECV,9fc307065b077b0a7f3e62fac722675a
2016-04-23 13:53:10.664596,SEND,23d9880811a135f6dd871296077dfbd3
2016-04-23 13:53:10.676694,RECV,23d9880811a135f6dd871296077dfbd3
2016-04-23 13:53:10.722594,SEND,df94ee86d022206141866f6db9f2cf6b
2016-04-23 13:53:10.739383,RECV,df94ee86d022206141866f6db9f2cf6b
2016-04-23 13:53:10.801671,SEND,8e58ae4071f92bdcdb70db6b716da3dc
2016-04-23 13:53:10.814728,RECV,8e58ae4071f92bdcdb70db6b716da3dc
2016-04-23 13:53:10.859733,SEND,877e2bbea2d6b8ba7d57b22b061241ba
2016-04-23 13:53:10.862728,RECV,877e2bbea2d6b8ba7d57b22b061241ba
2016-04-23 13:53:10.999882,SEND,ab5bf2905c963fd2b9577a6d0e0648a8
2016-04-23 13:53:11.013879,RECV,ab5bf2905c963fd2b9577a6d0e0648a8
2016-04-23 13:53:11.104467,SEND,8139b6c907f44e808591ac6b233829fd
2016-04-23 13:53:11.122992,RECV,8139b6c907f44e808591ac6b233829fd
2016-04-23 13:53:11.215102,SEND,0a2497bd1bd54111b8982da2121495c6
2016-04-23 13:53:11.227092,RECV,0a2497bd1bd54111b8982da2121495c6
2016-04-23 13:53:11.273214,SEND,5129cb52ae1e83896a6b381d2c22c7f5
2016-04-23 13:53:11.276141,RECV,5129cb52ae1e83896a6b381d2c22c7f5
2016-04-23 13:53:11.321193,SEND,669e9caea5c95624ee0f3a2fdf4ec655
2016-04-23 13:53:11.333204,RECV,669e9caea5c95624ee0f3a2fdf4ec655
2016-04-23 13:53:11.764612,SEND,ad6d85ee187ae80f710f8fe30db8c2d0
2016-04-23 13:53:11.766631,RECV,ad6d85ee187ae80f710f8fe30db8c2d0
2016-04-23 13:53:11.843713,SEND,9a4ffa551c503518e631e7816874d9e1
2016-04-23 13:53:11.855725,RECV,9a4ffa551c503518e631e7816874d9e1
2016-04-23 14:04:01.510977,SEND,e45f88f38149e2083fef7b3b5ea02722
