2016-04-23 13:53:09.311983,SEND,34612548107dfafe385bf0bbc8f66ca4
2016-04-23 13:53:09.323189,RECV,6b9bcd6a500165087a57c659da301b3e
2016-04-23 13:53:09.421886,RECV,73ff15b95180fa414740fa42dfd49ea8
2016-04-23 13:53:09.449322,SEND,ecf69fe213bf3d4095693e24f1bbec3b
2016-04-23 13:53:09.497368,SEND,6b4cc8bdf2249c7af4a2206925920f8b
2016-04-23 13:53:09.507382,SEND,027a91d3ce91dec01cd2f72770e24f04
2016-04-23 13:53:09.584225,RECV,b0e3bbfcae1c1ea5fc6f292638e02cfe
2016-04-23 13:53:09.587473,RECV,1a088a585571b4d392c1cbb382efb86b
2016-04-23 13:53:09.612892,RECV,bea21043d229b09be90f53ec285d94f8
2016-04-23 13:53:09.658544,SEND,fbc4d8cef96cbdd2159efb8aac5f8406
2016-04-23 13:53:09.661547,SEND,d527c5e71ec0d318bca9a6b49913a4e1
2016-04-23 13:53:09.662421,SEND,2977fc52e2638ec2c6870e87647961a2
2016-04-23 13:53:09.709578,RECV,b0632533fafd1e8e97d20f650fb54a06
2016-04-23 13:53:09.768642,RECV,e87536b41872a3a5280457cc5cad7ee9
2016-04-23 13:53:09.780851,RECV,5d37b96cc1d7782cb00146e7d24513f7
2016-04-23 13:53:09.827946,SEND,e74f8a891e8df9df6caafcc7de6c3a55
2016-04-23 13:53:09.844719,SEND,a247511199ff6ed2e2aaf91ab24749c8
2016-04-23 13:53:09.846719,SEND,8fc74351e11013ed1b55a3e2c9c977e0
2016-04-23 13:53:09.918581,RECV,d838439b6d687894fb79ef51d03bd0cb
2016-04-23 13:53:09.983858,RECV,ddba5ef5aa014e432b3dc540db14588a
2016-04-23 13:53:10.026889,SEND,e8801ca0301959c01a1e22a2220480db
2016-04-23 13:53:10.028899,RECV,4aaee2d810021b5b44b6615631dbeffb
2016-04-23 13:53:10.029248,SEND,305f3d0d7947c7048a19c13b9b9efab6
2016-04-23 13:53:10.104997,RECV,c2df4e4f23bbfbfc3c02c0627c2b1ab3
2016-04-23 13:53:10.135007,SEND,0ca7842ce1aff059f43b519ca721a2f3
2016-04-23 13:53:10.137015,SEND,e69de73df5a4e60be82575f66bf64458
2016-04-23 13:53:10.147020,RECV,ed632c0d9e7655015721eae41f92cc14
2016-04-23 13:53:10.212082,RECV,f432e005b0ae37e8ad20cb7fd2595d47
2016-04-23 13:53:10.237331,SEND,1000a21c191bec7963f90e224180a6a8
2016-04-23 13:53:10.302170,RECV,9a1da51f91d4784320a005b9c3957631
2016-04-23 13:53:10.302900,SEND,3bed7efde22c142f611ebfdc34b2ab83
2016-04-23 13:53:10.329197,RECV,e397b18bd42b3c17edfcc422d82276dc
2016-04-23 13:53:10.439252,RECV,a739059c56badb77888ed4c706881974
2016-04-23 13:53:10.482404,SEND,cf05e40a428ea58d6d263e17d8c6b321
2016-04-23 13:53:10.486832,SEND,6b4a3550e6bfc43f8e2a80b4ecfb5445
2016-04-23 13:53:10.500376,SEND,5ed4bcffe41d6e93d59e420433f142dc
2016-04-23 13:53:10.580446,RECV,5794da10dde2f14b81ddb6d6aabc7cae
2016-04-23 13:53:10.590458,RECV,ca14fc4727cd99c3fd746d69130ae4da
2016-04-23 13:53:10.638644,RECV,b17484e98e459336fcfd117d69cfaa9f
2016-04-23 13:53:10.641512,SEND,f4c7832ea1f2e832e66dab790dce840d
2016-04-23 13:53:10.698535,SEND,2ac9ab8f015475ccc61da96e0d4deccc
2016-04-23 13:53:10.699007,SEND,a078c6c6da5813976231e79aeabcc1d8
2016-04-23 13:53:10.746181,RECV,c742bf70904fa85a85c49664b7bdfed3
2016-04-23 13:53:10.808685,RECV,e795c95a9711c6e9cb4b48b3c535c76e
2016-04-23 13:53:10.808746,SEND,a9268870c9dfcdcf96eaec515e50230e
2016-04-23 13:53:10.912777,RECV,ca1612d1cd8daeb068316b8b213c3204
2016-04-23 13:53:10.914786,SEND,8e4cab4090f0624351166f43712043af
2016-04-23 13:53:10.961828,RECV,ffd516e52b010081573f487aa326f7e9
2016-04-23 13:53:11.005876,RECV,c2e6151346312e6bd692971cf060a94c
2016-04-23 13:53:11.109563,SEND,8657b086333c1f4ac2aa61b13c06e0a8
2016-04-23 13:53:11.112661,SEND,ecf7973d843a08222506f012b198b739
2016-04-23 13:53:11.185057,RECV,f4bb445b3bb0720e8b5fc2ec62a92daa
2016-04-23 13:53:11.216084,SEND,c8f9d469a3bab0d07c6e2bd222db6ce4
2016-04-23 13:53:11.218377,SEND,6b6cd2741efe829d1563091a998e7712
2016-04-23 13:53:11.279194,RECV,9ac4de5670fa10b8029b6b214759109f
2016-04-23 13:53:11.291760,RECV,f33357933005d2a8f7a8580ded97e7df
2016-04-23 13:53:11.388273,SEND,14bcd03377908877706d03747e81cf95
2016-04-23 13:53:11.400271,RECV,e41f050aa64309df451feec4add76330
2016-04-23 13:53:11.507387,SEND,ef6d0c05350105f0710f809d8327dd01
2016-04-23 13:53:11.520384,SEND,98e57360062487af458ec6dbc927987f
2016-04-23 13:53:11.524389,RECV,3a8723e990e788ba191902d01122ebf7
2016-04-23 13:53:11.566428,RECV,61c13f9686cee3e186e398b09589daa8
2016-04-23 13:53:11.597471,RECV,b64334ccd2a93cc8a056ca00660090a9
2016-04-23 13:53:11.600469,SEND,e463311de30f6d10dbbf724275d40f94
2016-04-23 13:53:11.658556,SEND,eb3dbeb80d2f4fe516572dbbf6f99d19
2016-04-23 13:53:11.676542,RECV,a5ead35e77013cfa75ea6cdf5981c8f7
2016-04-23 13:53:11.703566,SEND,8df431b163300c323a41e8b9828b9694
2016-04-23 13:53:11.734914,RECV,80f57cafadbcc090e931e2cae0a533e7
2016-04-23 13:53:11.916780,RECV,7ad4b374df4c963def8dba54379173e9
2016-04-23 13:53:11.980870,SEND,6bee48fc43ec823a204cd984e5914866
2016-04-23 13:53:11.994306,SEND,8eabab8e786bd09793d28f6a1fefa3f3
2016-04-23 13:53:12.053932,SEND,21d315dc75f6d412d7418d7539f7eb43
