2016-04-23 13:53:09.290988,SEND,38ca4ad43c070d0a13be25676e537c09
2016-04-23 13:53:09.500366,RECV,6b1c6cedc547a081704b70348a4eef26
2016-04-23 13:53:09.589463,RECV,6a35efd8e558a34507395573e79ac877
2016-04-23 13:53:09.650540,SEND,29ae7ee4c0e2c065f6edaf17f7151664
2016-04-23 13:53:09.700567,SEND,9a4061d30822734594b1f57831223f8d
2016-04-23 13:53:09.745609,RECV,b0d2edc97ddf1258ae779f3354730a89
2016-04-23 13:53:09.834708,SEND,1151a28ce9d55ef34b2a77696bc7a404
2016-04-23 13:53:10.003869,RECV,cb97a38bdc47833a05558d28234e3764
2016-04-23 13:53:10.049236,SEND,8b5e57293f83bf020ddbb625f1c6dc26
2016-04-23 13:53:10.063935,RECV,2d5628cc28bc0f3249917fe63a47f1ad
2016-04-23 13:53:10.184320,SEND,d772de77f0e4295ea2ea3005ff016b38
2016-04-23 13:53:10.281160,RECV,4ce8a960d6df990657608ae386d83616
2016-04-23 13:53:10.324547,RECV,750401904a23029f9b91bc95b55f0bc7
2016-04-23 13:53:10.342207,SEND,187e2ab34a0008e751e44677019227fc
2016-04-23 13:53:10.369543,SEND,ad9186c9701da94ada2373b252b5f65d
2016-04-23 13:53:10.569439,RECV,be4f8aa50161938e2d36fd768ab988a2
2016-04-23 13:53:10.647513,SEND,ffa207984616d2fa601804b4abc04e92
2016-04-23 13:53:10.690557,RECV,37a6a278596eaab381f3e5b0b015768e
2016-04-23 13:53:10.751623,SEND,5c441cf663c4ee2c4d0484416d88224f
2016-04-23 13:53:10.813677,RECV,a6ed237b66771509f6e0d647a9e3dbd3
2016-04-23 13:53:10.842880,RECV,bdd35562853ca2d76040f1627ebf1474
2016-04-23 13:53:10.844100,SEND,34a806bee6b146ee7d4fa0838bc90d56
2016-04-23 13:53:10.918838,SEND,20a10b9739cbe3f59a81594bb7d7a48a
2016-04-23 13:53:10.981050,RECV,26b56d8adffd7e894272e4d7c5ec4b8c
2016-04-23 13:53:10.994860,RECV,9265d9bb138e2fe03e8df10f745b87a6
2016-04-23 13:53:10.997859,SEND,02e8e946ba48b82e8764e208017bc040
2016-04-23 13:53:11.115881,SEND,0ece2f35ec97dcb65eebf7cf7c4f8f18
2016-04-23 13:53:11.149013,RECV,7a171b62f0201a28d3ca27eaa4903324
2016-04-23 13:53:11.194060,RECV,3a298a1e4d1b71dc05df94d33fc3b6ba
2016-04-23 13:53:11.270159,SEND,1e16a882f0ad5b430a9b3896c8077814
2016-04-23 13:53:11.287063,SEND,d95f16b71aab3e0b02084992fe895936
2016-04-23 13:53:11.345208,RECV,755dd15688ae06f649bba18ada497af0
2016-04-23 13:53:11.409273,RECV,bcd4c0fdf120887cab219f8b2d1e4190
2016-04-23 13:53:11.438399,SEND,adf93db0d1427de37f2e96c16c9614b8
2016-04-23 13:53:11.450840,SEND,35809db5c15088169a4bd8da8f4fd84e
2016-04-23 13:53:11.589627,RECV,87654a4c3ef62ed54ca47a4bff8cb762
2016-04-23 13:53:11.651519,RECV,70f4e58bb5286657315a81c93ec3429f
2016-04-23 13:53:11.786672,SEND,24225c8c5ea8e1f12cba8b2196942181
2016-04-23 13:53:11.790227,SEND,69e5e2309d3e7282645f96db46ffe9c2
2016-04-23 13:53:11.848712,RECV,fbf41d41e7383f3df99080f994d24f61
2016-04-23 13:53:11.972837,RECV,de524fa273558f8e5364d352bd917b5d
2016-04-23 14:04:02.315015,SEND,f3496ae793fa49c09e6c2861a171f382
2016-04-23 14:04:02.331027,SEND,fef62b4e8327770121d3ee77b557a91e
