2016-04-23 13:53:09.367259,SEND,e93dfbf6244553e36d03584ea57c309e
2016-04-23 13:53:09.394735,SEND,3b58b4d771f82ef6e797fabb41212cf0
2016-04-23 13:53:09.423903,RECV,3b58b4d771f82ef6e797fabb41212cf0
2016-04-23 13:53:09.500478,SEND,effd96bf7a7d00c39657e5706e9d1907
2016-04-23 13:53:09.504372,RECV,effd96bf7a7d00c39657e5706e9d1907
2016-04-23 13:53:09.595255,SEND,cc6ba6159964ee3253b6c90cd1a5c85e
2016-04-23 13:53:09.622363,RECV,cc6ba6159964ee3253b6c90cd1a5c85e
2016-04-23 13:53:09.745608,SEND,fb4913b3a00096461bacaeaa766de20c
2016-04-23 13:53:09.761631,RECV,fb4913b3a00096461bacaeaa766de20c
2016-04-23 13:53:09.822337,SEND,9b219a54b912931b2f790541c49aaff1
2016-04-23 13:53:09.837979,RECV,9b219a54b912931b2f790541c49aaff1
2016-04-23 13:53:09.896970,SEND,94aab70798468d90fc25ddb92e1ae0a9
2016-04-23 13:53:09.914780,RECV,94aab70798468d90fc25ddb92e1ae0a9
2016-04-23 13:53:10.051146,SEND,6bb664ee4e497af68b1b72e1012aa12f
2016-04-23 13:53:10.094970,RECV,6bb664ee4e497af68b1b72e1012aa12f
2016-04-23 13:53:10.170056,SEND,639b94b081ea653276c64f2e64e590b5
2016-04-23 13:53:10.186280,RECV,639b94b081ea653276c64f2e64e590b5
2016-04-23 13:53:10.371847,SEND,3a317a127a17dc061b67182c18c0656e
2016-04-23 13:53:10.399266,RECV,3a317a127a17dc061b67182c18c0656e
2016-04-23 13:53:10.565234,SEND,05cb85b28e56987a4fbb9dfccbe3ca29
2016-04-23 13:53:10.568437,RECV,05cb85b28e56987a4fbb9dfccbe3ca29
2016-04-23 13:53:10.780664,SEND,77338908bfac3d01d00b3323ddc32155
2016-04-23 13:53:10.795661,RECV,77338908bfac3d01d00b3323ddc32155
2016-04-23 13:53:10.916791,SEND,41b68e521660e2f9771b99cd45cb797a
2016-04-23 13:53:10.931986,RECV,41b68e521660e2f9771b99cd45cb797a
2016-04-23 13:53:10.977848,SEND,a22d69b5c20da50453a34ff51d04c4ad
2016-04-23 13:53:10.991859,RECV,a22d69b5c20da50453a34ff51d04c4ad
2016-04-23 13:53:11.022895,SEND,fcb079e01e7ce570bb356eed96389ce6
2016-04-23 13:53:11.038910,RECV,fcb079e01e7ce570bb356eed96389ce6
2016-04-23 13:53:11.129993,SEND,1f8ddd26037819284c50c5d5b6162730
2016-04-23 13:53:11.144012,RECV,1f8ddd26037819284c50c5d5b6162730
2016-04-23 13:53:11.219311,SEND,5f2d3bfc91b5d9a98d7a882e65427996
2016-04-23 13:53:11.222821,RECV,5f2d3bfc91b5d9a98d7a882e65427996
2016-04-23 13:53:11.344577,SEND,be5c225a2318499aac835712b76e8f87
2016-04-23 13:53:11.418443,RECV,be5c225a2318499aac835712b76e8f87
2016-04-23 13:53:11.449007,SEND,18e80262a29afd3a401aaac26a63b40a
2016-04-23 13:53:11.545132,RECV,18e80262a29afd3a401aaac26a63b40a
2016-04-23 13:53:11.712495,SEND,89cf492115788bb945fc059491359bba
2016-04-23 13:53:11.758067,RECV,89cf492115788bb945fc059491359bba
2016-04-23 13:53:11.942213,SEND,8807c2dbd6df38a7bffff6f376d8ab19
2016-04-23 13:53:11.959393,RECV,8807c2dbd6df38a7bffff6f376d8ab19
