2016-04-23 13:53:09.393709,SEND,c9e1631b90904dc322e5a90f897c06dd
2016-04-23 13:53:09.424292,RECV,c9e1631b90904dc322e5a90f897c06dd
2016-04-23 13:53:09.442720,SEND,02e4b3e2e9f02eb88b74aa3939850030
2016-04-23 13:53:09.545418,SEND,b6aad15456fb698fe836978d41359f55
2016-04-23 13:53:09.595057,RECV,b6aad15456fb698fe836978d41359f55
2016-04-23 13:53:09.655539,SEND,1844a6d2fd9d0326fb572c89bf72c150
2016-04-23 13:53:09.683007,RECV,1844a6d2fd9d0326fb572c89bf72c150
2016-04-23 13:53:09.762635,SEND,c112cf19efa5f800ddb2edaddbc3ae28
2016-04-23 13:53:09.779646,RECV,c112cf19efa5f800ddb2edaddbc3ae28
2016-04-23 13:53:09.838712,SEND,5150c6a0cc61a473cf7bfb6b010dcd5f
2016-04-23 13:53:09.897749,RECV,5150c6a0cc61a473cf7bfb6b010dcd5f
2016-04-23 13:53:10.004877,SEND,ed7b1422389704698297247a78b719d8
2016-04-23 13:53:10.020332,RECV,ed7b1422389704698297247a78b719d8
2016-04-23 13:53:10.052923,SEND,9935cbeb2f84e32de38ce51d2f1d7030
2016-04-23 13:53:10.065935,RECV,9935cbeb2f84e32de38ce51d2f1d7030
2016-04-23 13:53:10.111985,SEND,b6a0f9a802d850cc110be59ed7986e40
2016-04-23 13:53:10.143760,RECV,b6a0f9a802d850cc110be59ed7986e40
2016-04-23 13:53:10.266437,SEND,27959663469a9ad7f229c58d8f234ae2
2016-04-23 13:53:10.281145,RECV,27959663469a9ad7f229c58d8f234ae2
2016-04-23 13:53:10.327213,SEND,0b2ff561a8d65e3a08e2ef1101851bd3
2016-04-23 13:53:10.343102,RECV,0b2ff561a8d65e3a08e2ef1101851bd3
2016-04-23 13:53:10.419189,SEND,172bfd8bc58db54f58060db528bcfa86
2016-04-23 13:53:10.434725,RECV,172bfd8bc58db54f58060db528bcfa86
2016-04-23 13:53:10.494304,SEND,3e7f24d80f489a6a314315b975e9ce64
2016-04-23 13:53:10.497366,RECV,3e7f24d80f489a6a314315b975e9ce64
2016-04-23 13:53:10.573338,SEND,4594f38827f0a917be7264d3f1207fde
2016-04-23 13:53:10.586226,RECV,4594f38827f0a917be7264d3f1207fde
2016-04-23 13:53:10.617510,SEND,9e837b5a5a9f2984aa3a5fe5613475a6
2016-04-23 13:53:10.649069,RECV,9e837b5a5a9f2984aa3a5fe5613475a6
2016-04-23 13:53:10.741604,SEND,2e41f83eeb34cb8bdadc9966fb290e4e
2016-04-23 13:53:10.769010,RECV,2e41f83eeb34cb8bdadc9966fb290e4e
2016-04-23 13:53:10.876749,SEND,6877366d39b13d4c76e4828e1642c9ec
2016-04-23 13:53:10.878744,RECV,6877366d39b13d4c76e4828e1642c9ec
2016-04-23 13:53:10.969837,SEND,058ac4cff3666256de6ea8318db35f48
2016-04-23 13:53:10.982849,RECV,058ac4cff3666256de6ea8318db35f48
2016-04-23 13:53:11.028896,SEND,7b50b156e94bebc4f8667cc4eaab9c86
2016-04-23 13:53:11.046927,RECV,7b50b156e94bebc4f8667cc4eaab9c86
2016-04-23 13:53:11.153211,SEND,cc3f692d9974704fd82bfcead6b503de
2016-04-23 13:53:11.167478,RECV,cc3f692d9974704fd82bfcead6b503de
2016-04-23 13:53:11.244112,SEND,20550a841bdef6686c0eadad517f9d13
2016-04-23 13:53:11.275517,RECV,20550a841bdef6686c0eadad517f9d13
2016-04-23 13:53:11.381300,SEND,e60c7e3df43d6f4b5f2f26acde43a2ba
2016-04-23 13:53:11.396076,RECV,e60c7e3df43d6f4b5f2f26acde43a2ba
2016-04-23 13:53:11.457070,SEND,9c9f35912eaddca64f1824e4a7f59f6d
2016-04-23 13:53:11.612701,RECV,9c9f35912eaddca64f1824e4a7f59f6d
2016-04-23 13:53:11.793900,SEND,50c1606596640add277a021f1b86b6b4
2016-04-23 13:53:11.837120,RECV,50c1606596640add277a021f1b86b6b4
2016-04-23 14:04:02.636862,SEND,65905b11adb752a6330885137bd41879
