Mean delay : 0.021525853598
Std dev    : 0.024122440594
Bin[0] = 279
Bin[1] = 488
Bin[2] = 180
Bin[3] = 82
Bin[4] = 69
Bin[5] = 24
Bin[6] = 12
Bin[7] = 13
Bin[8] = 4
Bin[9] = 6
Bin[10] = 23
Total packets  : 23
Total neg packets : 30
total_outlierpackets : 1
