Mean delay : 0.0104976770833
Std dev    : 0.0195035512245
Bin[0] = 111
Bin[1] = 80
Bin[2] = 0
Bin[3] = 0
Bin[4] = 0
Bin[5] = 0
Bin[6] = 0
Bin[7] = 0
Bin[8] = 0
Bin[9] = 0
Bin[10] = 1
Total packets  : 192
Total neg packets : 0
total_outlierpackets : 0
