Mean delay : 0.0259682118451
Std dev    : 0.0234685691065
Bin[0] = 1
Bin[1] = 187
Bin[2] = 169
Bin[3] = 66
Bin[4] = 11
Bin[5] = 2
Bin[6] = 0
Bin[7] = 0
Bin[8] = 0
Bin[9] = 0
Bin[10] = 6
Total packets  : 442
Total neg packets : 0
total_outlierpackets : 3
