Mean delay : 0.025427387471
Std dev    : 0.0155975973512
Bin[0] = 1
Bin[1] = 174
Bin[2] = 174
Bin[3] = 66
Bin[4] = 13
Bin[5] = 1
Bin[6] = 0
Bin[7] = 0
Bin[8] = 0
Bin[9] = 0
Bin[10] = 5
Total packets  : 434
Total neg packets : 0
total_outlierpackets : 3
