Mean delay : 0.0122762284226
Std dev    : 0.00871254226547
Bin[0] = 1424
Bin[1] = 1943
Bin[2] = 364
Bin[3] = 92
Bin[4] = 14
Bin[5] = 5
Bin[6] = 2
Bin[7] = 0
Bin[8] = 0
Bin[9] = 0
Bin[10] = 5
Total packets  : 5
Total neg packets : 196
total_outlierpackets : 13
