Mean delay : 0.0248524881517
Std dev    : 0.0154037675625
Bin[0] = 3
Bin[1] = 184
Bin[2] = 149
Bin[3] = 67
Bin[4] = 13
Bin[5] = 5
Bin[6] = 0
Bin[7] = 0
Bin[8] = 0
Bin[9] = 0
Bin[10] = 4
Total packets  : 425
Total neg packets : 0
total_outlierpackets : 3
