Mean delay : 0.036359805383
Std dev    : 0.0441475892309
Bin[0] = 64
Bin[1] = 88
Bin[2] = 79
Bin[3] = 55
Bin[4] = 49
Bin[5] = 37
Bin[6] = 13
Bin[7] = 7
Bin[8] = 14
Bin[9] = 6
Bin[10] = 36
Total packets  : 36
Total neg packets : 35
total_outlierpackets : 0
