Mean delay : 0.104834673913
Std dev    : 0.0389602862825
Bin[0] = 0
Bin[1] = 0
Bin[2] = 1
Bin[3] = 0
Bin[4] = 0
Bin[5] = 2
Bin[6] = 18
Bin[7] = 34
Bin[8] = 19
Bin[9] = 35
Bin[10] = 85
Total packets  : 194
Total neg packets : 0
total_outlierpackets : 10
