Mean delay : 0.0461505016722
Std dev    : 0.0675523890321
Bin[0] = 46
Bin[1] = 74
Bin[2] = 30
Bin[3] = 22
Bin[4] = 23
Bin[5] = 15
Bin[6] = 14
Bin[7] = 7
Bin[8] = 7
Bin[9] = 3
Bin[10] = 55
Total packets  : 55
Total neg packets : 18
total_outlierpackets : 15
