Mean delay : 0.0108987945066
Std dev    : 0.00956589913617
Bin[0] = 1658
Bin[1] = 1572
Bin[2] = 281
Bin[3] = 91
Bin[4] = 22
Bin[5] = 6
Bin[6] = 4
Bin[7] = 0
Bin[8] = 1
Bin[9] = 1
Bin[10] = 1
Total packets  : 1
Total neg packets : 299
total_outlierpackets : 4
