Mean delay : 0.0164356538462
Std dev    : 0.014095655163
Bin[0] = 6
Bin[1] = 15
Bin[2] = 3
Bin[3] = 1
Bin[4] = 0
Bin[5] = 0
Bin[6] = 0
Bin[7] = 1
Bin[8] = 0
Bin[9] = 0
Bin[10] = 0
Total packets  : 0
Total neg packets : 0
total_outlierpackets : 0
