Mean delay : 0.0114142042341
Std dev    : 0.0154729716767
Bin[0] = 387
Bin[1] = 382
Bin[2] = 24
Bin[3] = 4
Bin[4] = 0
Bin[5] = 1
Bin[6] = 0
Bin[7] = 0
Bin[8] = 1
Bin[9] = 0
Bin[10] = 2
Total packets  : 801
Total neg packets : 2
total_outlierpackets : 0
