Mean delay : 0.0180829076577
Std dev    : 0.0278250360294
Bin[0] = 123
Bin[1] = 215
Bin[2] = 46
Bin[3] = 10
Bin[4] = 5
Bin[5] = 0
Bin[6] = 4
Bin[7] = 2
Bin[8] = 3
Bin[9] = 2
Bin[10] = 10
Total packets  : 10
Total neg packets : 24
total_outlierpackets : 0
