2016-04-23 17:12:42.274731,RECV,0de7c8159a831eba3a473691ce2c6774
2016-04-23 17:12:42.281907,SEND,f1e161595d71b206f265dcce004ddf8f
2016-04-23 17:12:42.306907,SEND,7759c483c9c100e601eb3ebd303a5f52
2016-04-23 17:12:42.314934,SEND,c996c59bf59bbb992455792d01c08bdb
2016-04-23 17:12:42.457056,RECV,96837d5b8bf7218428e5088f2979cf33
2016-04-23 17:12:42.542144,RECV,0c6cf93ab82fc33594f19e7ac7608910
2016-04-23 17:12:42.676277,RECV,0a6df4cff93406bea43c16b275d5c3bf
2016-04-23 17:12:43.069683,SEND,998a18cd80447cd9446681eec794e409
2016-04-23 17:12:43.071692,SEND,c91ffc740a31d78b95de7db1bba40270
2016-04-23 17:12:43.568167,RECV,09dfd114177d41087be921d07a233d6d
2016-04-23 17:12:43.592194,SEND,039d17ef2dc649663fb49dc8622a87aa
2016-04-23 17:12:43.598217,SEND,420f9f5bbee23acb451babb0a2ae7272
2016-04-23 17:12:43.661262,RECV,0411cbf507e717f3279ab96848d97c9c
2016-04-23 17:12:43.767380,SEND,c62fcd4677d61df694595a1e7aca8ce4
2016-04-23 17:12:43.976579,RECV,db43a4a22230e7fafb809d7f681be82a
2016-04-23 17:12:44.099702,RECV,be2b38400a7642fed8fc1210deedeaa3
2016-04-23 17:12:44.142759,SEND,2d3d7130ff74401ba680e1d2d372196a
2016-04-23 17:12:44.144757,SEND,ff10ac2e531bc9fdf8edcc051b3cc622
2016-04-23 17:12:44.227217,RECV,b045734b1c150b03af946493d791d5ca
2016-04-23 17:12:44.248853,RECV,c97472bdc78eaab3273e9e0ec91652e9
2016-04-23 17:12:44.326923,RECV,6e457b8d51e077d8bea02c38f5fff7c3
2016-04-23 17:12:44.385004,SEND,c82d54af8f9325dc8d41ac0cc073b7a5
2016-04-23 17:12:44.387009,SEND,1afcaf3653a318191b6fb0b5c67d83bb
2016-04-23 17:12:44.400083,SEND,4219ca8a0e15c6d443926733a9b2624e
2016-04-23 17:12:44.471067,RECV,9667bc8fb37a765645b2f0acb799d3fb
2016-04-23 17:12:44.506106,RECV,d266f81b39b5ba9cfc7ff0a2c2ddcb99
2016-04-23 17:12:44.674283,RECV,6a70bb7996a0091df26e25f6b98aa4b1
2016-04-23 17:12:44.876481,SEND,0f07884d89278aa1b7cb520a634be75e
2016-04-23 17:12:44.883497,SEND,f7d42328eaa441bbf2fb030d23a22537
2016-04-23 17:12:44.885499,SEND,b132e801bbd50d6e7e6e4229d636e9a9
