2016-04-23 17:12:42.220846,SEND,bc40d85d3ba19a165e85d375e6299ad8
2016-04-23 17:12:42.290908,SEND,100063b4654d76e3ca993664dfbcf947
2016-04-23 17:12:42.559163,RECV,f1e161595d71b206f265dcce004ddf8f
2016-04-23 17:12:42.622220,RECV,51ba1873051d88f7e6098d1b55c38d0a
2016-04-23 17:12:42.665285,SEND,0a6df4cff93406bea43c16b275d5c3bf
2016-04-23 17:12:42.669268,SEND,40afbc5a1249da9e3e695a1173425644
2016-04-23 17:12:42.851460,RECV,54b390f6a5f3d503666df372fb38ca40
2016-04-23 17:12:43.103712,RECV,998a18cd80447cd9446681eec794e409
2016-04-23 17:12:43.271879,RECV,b3b4b705a9259f784976128039c25355
2016-04-23 17:12:43.547152,SEND,a0ae681fc175ec5c7273a390cff62d62
2016-04-23 17:12:43.556935,SEND,09dfd114177d41087be921d07a233d6d
2016-04-23 17:12:43.560158,SEND,60915948d3c1388bc04f013098313090
2016-04-23 17:12:43.618223,RECV,420f9f5bbee23acb451babb0a2ae7272
2016-04-23 17:12:43.776416,RECV,9f4568c78c2d3caaa5ca9a0789352267
2016-04-23 17:12:43.966591,SEND,db43a4a22230e7fafb809d7f681be82a
2016-04-23 17:12:44.162766,RECV,2d3d7130ff74401ba680e1d2d372196a
2016-04-23 17:12:44.225829,SEND,0bc80110d76c019ef32080d23ebb44e4
2016-04-23 17:12:44.238863,SEND,c97472bdc78eaab3273e9e0ec91652e9
2016-04-23 17:12:44.389991,RECV,c82d54af8f9325dc8d41ac0cc073b7a5
2016-04-23 17:12:44.496126,SEND,d266f81b39b5ba9cfc7ff0a2c2ddcb99
2016-04-23 17:12:44.559163,RECV,3c9e8ba206db2ad9faf78f22d665024a
2016-04-23 17:12:44.889499,RECV,f7d42328eaa441bbf2fb030d23a22537
2016-04-23 17:14:31.096105,SEND,ca5083c06630f2ee71b76276be6ec252
2016-04-23 17:14:31.096322,SEND,df610cb6b3d3450103005d2c40131cbe
