2016-04-23 17:12:42.298928,SEND,28331f5502ea0c0459832dec616b28a5
2016-04-23 17:12:42.334948,SEND,80629719d43b987d36a12a7dd376627d
2016-04-23 17:12:42.396651,RECV,c996c59bf59bbb992455792d01c08bdb
2016-04-23 17:12:42.549164,SEND,0c6cf93ab82fc33594f19e7ac7608910
2016-04-23 17:12:42.888970,RECV,4d8f056e284f453fb4b95d88b41cee76
2016-04-23 17:12:42.999603,RECV,2e0343a498952ccfb17e521c18a47d4e
2016-04-23 17:12:43.009141,SEND,e321fb15535876d518f26c63c22ced1d
2016-04-23 17:12:43.091918,RECV,c91ffc740a31d78b95de7db1bba40270
2016-04-23 17:12:43.583190,RECV,14e229820214d5e8b0adb0a2ac9e84bb
2016-04-23 17:12:43.666277,SEND,167cbff423d10749f150303e6e5b2250
2016-04-23 17:12:43.653253,SEND,0411cbf507e717f3279ab96848d97c9c
2016-04-23 17:12:43.774361,RECV,c62fcd4677d61df694595a1e7aca8ce4
2016-04-23 17:12:43.833410,RECV,a861931cd66d56fc1f5e56f0000f3b05
2016-04-23 17:12:44.059677,SEND,d2463e32e906751a0cb27624af9d3616
2016-04-23 17:12:44.092716,SEND,be2b38400a7642fed8fc1210deedeaa3
2016-04-23 17:12:44.114728,SEND,21f82a88307028fd5cf9411f0ca7816d
2016-04-23 17:12:44.166410,RECV,ff10ac2e531bc9fdf8edcc051b3cc622
2016-04-23 17:12:44.226845,RECV,68a59b28257edc547dd6ca9b4b6261d5
2016-04-23 17:12:44.316931,SEND,1a85427f983fab22ce682c0d4cfde525
2016-04-23 17:12:44.332928,SEND,6e457b8d51e077d8bea02c38f5fff7c3
2016-04-23 17:12:44.408547,RECV,1afcaf3653a318191b6fb0b5c67d83bb
2016-04-23 17:12:44.430736,RECV,95c20e9be16cba960b37e271f0de78a3
2016-04-23 17:12:44.665751,SEND,6a70bb7996a0091df26e25f6b98aa4b1
2016-04-23 17:12:44.735346,SEND,4602c4e07a58f1cda5db7402ca1151db
2016-04-23 17:12:44.816418,RECV,f7810c5907281bab91ed945187687d5e
2016-04-23 17:12:44.907901,RECV,b132e801bbd50d6e7e6e4229d636e9a9
2016-04-23 17:14:31.246872,SEND,ebc66ac82b2945f0c6a25007238a2a14
