2016-04-23 17:12:42.454690,SEND,d24f6e705a185f5fb755d9caefe5e9e2
2016-04-23 17:12:42.490095,RECV,84cafcc85c908126b78d447a26b3669f
2016-04-23 17:12:42.529749,RECV,0747854a4332c1a0a71d08604a87fb85
2016-04-23 17:12:42.567872,SEND,bdccace76ed9b9ac6e62a193c5a33a96
2016-04-23 17:12:42.574179,SEND,b2311b14f175bbc9260942a4c030eef0
2016-04-23 17:12:42.574198,SEND,15062d62b1c999811c58f2fca7ea6924
2016-04-23 17:12:42.647927,RECV,9b2bf46172a51a0b4deedf86e3fa14e3
2016-04-23 17:12:42.701699,RECV,6b9c37304e672db79a13085706d3e34f
2016-04-23 17:12:42.831433,RECV,b4201109efff35fb87d65ce7bc35dd31
2016-04-23 17:12:43.124802,SEND,a7a5fe75e47039644d44c925315f5ac7
2016-04-23 17:12:43.118740,SEND,03be4e28e9f8c68f86964cb06795f218
2016-04-23 17:12:43.125750,SEND,417e43bfb6acca1d2178577ea8a99ebd
2016-04-23 17:12:43.206036,RECV,a2665e1822be8283243257d320e251d8
2016-04-23 17:12:43.315915,RECV,7fd0f22469e7cfa3dd23d650f59a089c
2016-04-23 17:12:43.352945,RECV,800b35ac4dd4ad6a0a1aa229b8a3ba1f
2016-04-23 17:12:43.964575,SEND,bf6c5ceada692f0e36f3fff9dcf41a7d
2016-04-23 17:12:44.069958,RECV,3eee9b75fb8d16bd2871db82527b5051
2016-04-23 17:12:44.661262,SEND,c79012aa3e0897fd1a71c0f4aa460157
2016-04-23 17:12:44.662259,SEND,34469edbcc98c03d74eb3b786882d95c
2016-04-23 17:12:44.668293,SEND,caac6842427b321248c07b5f70181925
2016-04-23 17:12:44.724643,RECV,e72f39991723ba676890b0400aedf66a
2016-04-23 17:12:44.768368,RECV,1f4fa742e784bed767e0cfd09bee03b8
