2016-04-23 17:12:42.250851,RECV,5c7dbc918ed110fda5395117255b951d
2016-04-23 17:12:42.257063,SEND,fa9e21924100d2d0260054c6be6a06a7
2016-04-23 17:12:42.485690,SEND,84cafcc85c908126b78d447a26b3669f
2016-04-23 17:12:42.575188,RECV,ba6084874fed69ff7075c86d0529ba2d
2016-04-23 17:12:42.577171,RECV,bdccace76ed9b9ac6e62a193c5a33a96
2016-04-23 17:12:42.685301,SEND,6b9c37304e672db79a13085706d3e34f
2016-04-23 17:12:42.704323,SEND,63f8744ddfb6717bc15e3f0af9698422
2016-04-23 17:12:42.855702,SEND,cbdd7e8afdcfe9f9c3cb918fe919e019
2016-04-23 17:12:43.136748,RECV,417e43bfb6acca1d2178577ea8a99ebd
2016-04-23 17:12:43.157776,RECV,b8db49028d9d52f9a6b22f6cf33a502f
2016-04-23 17:12:43.347973,SEND,800b35ac4dd4ad6a0a1aa229b8a3ba1f
2016-04-23 17:12:43.536051,SEND,d8c736e203d313adcfaca478726cd5de
2016-04-23 17:12:44.230838,RECV,c4ac4101ed00e92f3bb2565d639b4c85
2016-04-23 17:12:44.681291,RECV,caac6842427b321248c07b5f70181925
2016-04-23 17:14:31.186374,SEND,0f6f0790abee1f0504e8e975f3b73e8c
