2016-04-23 17:12:42.222845,SEND,5c7dbc918ed110fda5395117255b951d
2016-04-23 17:12:42.269891,SEND,0de7c8159a831eba3a473691ce2c6774
2016-04-23 17:12:42.321924,RECV,7759c483c9c100e601eb3ebd303a5f52
2016-04-23 17:12:42.440052,SEND,96837d5b8bf7218428e5088f2979cf33
2016-04-23 17:12:42.864479,RECV,cbdd7e8afdcfe9f9c3cb918fe919e019
2016-04-23 17:12:43.139746,SEND,b8db49028d9d52f9a6b22f6cf33a502f
2016-04-23 17:12:43.546144,RECV,d8c736e203d313adcfaca478726cd5de
2016-04-23 17:12:43.606207,RECV,039d17ef2dc649663fb49dc8622a87aa
2016-04-23 17:12:44.214817,SEND,c4ac4101ed00e92f3bb2565d639b4c85
2016-04-23 17:12:44.222828,SEND,b045734b1c150b03af946493d791d5ca
2016-04-23 17:12:44.406017,RECV,4219ca8a0e15c6d443926733a9b2624e
2016-04-23 17:12:44.459068,SEND,9667bc8fb37a765645b2f0acb799d3fb
2016-04-23 17:12:44.891494,RECV,0f07884d89278aa1b7cb520a634be75e
