Mean delay : 0.0335218351648
Std dev    : 0.0725785709581
Bin[0] = 31
Bin[1] = 30
Bin[2] = 10
Bin[3] = 2
Bin[4] = 2
Bin[5] = 1
Bin[6] = 1
Bin[7] = 1
Bin[8] = 2
Bin[9] = 0
Bin[10] = 7
Total packets  : 7
Total neg packets : 5
total_outlierpackets : 1
