Mean delay : 0.0525836465969
Std dev    : 0.0318702573043
Bin[0] = 1
Bin[1] = 1
Bin[2] = 2
Bin[3] = 119
Bin[4] = 97
Bin[5] = 90
Bin[6] = 28
Bin[7] = 27
Bin[8] = 5
Bin[9] = 7
Bin[10] = 10
Total packets  : 387
Total neg packets : 0
total_outlierpackets : 5
