2016-04-23 18:52:05.400724,RECV,5a441fd68daad69262c1200ac844b70e
2016-04-23 18:52:05.597812,SEND,6cb60801b8bc60fd568d6d93cd02d422
2016-04-23 18:52:05.806131,RECV,d73e3826ed792bc1d7ee643aa6a06ab1
2016-04-23 18:52:06.032810,SEND,63e34bcae178b18de1201750c1c4dcd6
2016-04-23 18:52:06.738065,RECV,4d298ebf4f2ae77fc67251f911ff85c9
2016-04-23 18:52:06.767291,SEND,22223850199c30bbfbfb921f4efd42f4
2016-04-23 18:52:06.810135,RECV,2b9827e88bafab679e3f7e64e6b945f5
2016-04-23 18:52:06.982309,SEND,1b597b99865fbe4248135e7e9a211f1a
2016-04-23 18:52:07.099439,RECV,e60b950e8b0563c682c7b20fc5451cd0
2016-04-23 18:52:07.199453,SEND,3f9d4364292ae0d8d63a71b9569007a4
2016-04-23 18:52:07.343671,RECV,aba4742277fb18d8393d5e11974c76c2
2016-04-23 18:52:07.479811,SEND,1296ff5890f0ade81acb8701036309d3
2016-04-23 18:52:07.551876,RECV,adaa424d33222ac4f2c4cd97f62cf770
2016-04-23 18:52:07.624498,SEND,4aea40c59e2f268fbd8968bd61d0d09c
2016-04-23 18:52:07.823142,RECV,da684179fd0273520d8f7cb1b16c7a7c
2016-04-23 18:52:07.886213,SEND,9ad1e39129a91f422a2e2bdd6b1a2524
