2016-04-23 18:52:05.277610,RECV,7a84dbd90aa192d2c810d98c9cfe7a6a
2016-04-23 18:52:05.312642,SEND,974fb643180499be36fc07fcbc636822
2016-04-23 18:52:05.320656,SEND,482df262048ec1fbdf7eb78676d5acac
2016-04-23 18:52:05.326664,SEND,b250e56251b2dbbb01aac445bf8b8108
2016-04-23 18:52:05.417742,RECV,c7a4291ab2b0c79445a2e1cad8e07239
2016-04-23 18:52:05.621950,RECV,62cfbd5c5a13ddbc392d889a912445f9
2016-04-23 18:52:05.734953,RECV,0fa8407abfebae96130ac5ad9419fead
2016-04-23 18:52:05.779108,SEND,ffdcc8e622aaa1de01e24d9f59fdc8e7
2016-04-23 18:52:05.788123,SEND,bcd1feb8ec3b75f10419dd02082a2135
2016-04-23 18:52:05.794277,SEND,9ca223d72a9b1bcae7f52aab35fcaccc
2016-04-23 18:52:05.914809,RECV,a920fa73720ec672136a68d86ad2c692
2016-04-23 18:52:05.929254,RECV,f1cfc2725c9d41840b61b9fb243c48de
2016-04-23 18:52:05.998324,RECV,7982e4273404216932be59ba459b40ac
2016-04-23 18:52:06.004337,SEND,860360bc8f13a664a67e53f09eb3a09f
2016-04-23 18:52:06.005216,SEND,0f6700c09412d7db1ffebe6bf4784c0a
2016-04-23 18:52:06.089425,SEND,4cb9692ba8cb2fde6931f2f6a4578e54
2016-04-23 18:52:06.110433,RECV,79b8c364e5c9bb5316e0eb8e162a78f4
2016-04-23 18:52:06.111439,RECV,74958f2eac0aaa64cf6ef4b6a5c8957b
2016-04-23 18:52:06.186518,SEND,8c2efbe936b5cbebfbf7b0fe306b2412
2016-04-23 18:52:06.200532,SEND,bf229bc7aa915f44b4ef01942efa61ab
2016-04-23 18:52:06.305630,RECV,f972e30086511968efc5371b84eb98b8
2016-04-23 18:52:06.390719,RECV,fa495bdfbe66a95a35e6b9100fa86477
2016-04-23 18:52:06.571904,SEND,576f0d3310e86509a6eee5e2f79291c1
2016-04-23 18:52:06.577908,SEND,50a1d5310648e8fa44c09dd54c994ef8
2016-04-23 18:52:06.661986,RECV,561e5a7d01de0f074ec2b3b21edede19
2016-04-23 18:52:06.683009,RECV,8204594dc89d53f0683c46a874aa505f
2016-04-23 18:52:06.729806,RECV,4899324f1fc1a1c74487d2febbfdea09
2016-04-23 18:52:06.918260,SEND,934aeff545ad05df2145e1a669da3445
2016-04-23 18:52:06.985319,SEND,d0e2650f0776d6611c02fb084487ab17
2016-04-23 18:52:06.993317,RECV,1a10a8d191d9c6aa7a84086e9e7a4fdf
2016-04-23 18:52:07.015347,SEND,18ebd919caeed0d850cbbae9fd668ee3
2016-04-23 18:52:07.031064,RECV,ff15f272b50b78186d895cc908878650
2016-04-23 18:52:07.084421,SEND,ebd32fba1dbc8a67d2fcfc80d904df82
2016-04-23 18:52:07.090416,RECV,b92e1b791cd04d038eb9ff9ddf3e862e
2016-04-23 18:52:07.090694,SEND,cb70ad32aae82d35ba635337d9460ac7
2016-04-23 18:52:07.166491,RECV,4b38bf94d2daf43280146c121d18ca95
2016-04-23 18:52:07.181507,SEND,6a18e83ea1704893b1f28676749f6dd5
2016-04-23 18:52:07.189516,RECV,a04293c39518eb5dff232248cfb7c198
2016-04-23 18:52:07.195530,SEND,61b5149e91ae40d20cbf647357f2d0e4
2016-04-23 18:52:07.234567,SEND,d2bd56d317549a3c3e955e68e3be590b
2016-04-23 18:52:07.310634,RECV,d4796b7787ee2809af876cf5fc97c61b
2016-04-23 18:52:07.340675,SEND,92705a9c69bf5afbcd678da00957eaaf
2016-04-23 18:52:07.377701,RECV,9b939f2036e9e81b980f7c4efa59151f
2016-04-23 18:52:07.392723,SEND,e981e6ff72a93ff1994e70488eee9e7f
2016-04-23 18:52:07.415739,RECV,95359a11831ea8fdf21d00915fdb3fb8
2016-04-23 18:52:07.511835,RECV,145bb9c8f858b7db3c4668aaa0cc133e
2016-04-23 18:52:07.702034,SEND,cce561fa1ed13876250d3d827f1b19ce
2016-04-23 18:52:07.708436,SEND,5481b295091b9516a5b589e936146145
2016-04-23 18:52:07.904231,RECV,6ad3cc5c42df89b67dec384a23a069a2
2016-04-23 18:52:07.934840,RECV,5b337882968a3a00fef9eca1e9677288
