2016-04-23 18:52:05.254303,SEND,c28f4965418049ebb785edc1bcf8d68c
2016-04-23 18:52:05.351920,RECV,974fb643180499be36fc07fcbc636822
2016-04-23 18:52:05.730077,SEND,0fa8407abfebae96130ac5ad9419fead
2016-04-23 18:52:05.748902,RECV,3e83c4d4ecebc2dea40876ccae6c7ff9
2016-04-23 18:52:05.819234,RECV,9ca223d72a9b1bcae7f52aab35fcaccc
2016-04-23 18:52:05.827859,SEND,3ee66b628ac0578304da2d80583943e2
2016-04-23 18:52:05.895675,SEND,a920fa73720ec672136a68d86ad2c692
2016-04-23 18:52:05.977081,RECV,808a3c7661b50f6d81abb8afcfd34c64
2016-04-23 18:52:06.016346,RECV,0f6700c09412d7db1ffebe6bf4784c0a
2016-04-23 18:52:06.105754,SEND,74958f2eac0aaa64cf6ef4b6a5c8957b
2016-04-23 18:52:06.197520,RECV,8c2efbe936b5cbebfbf7b0fe306b2412
2016-04-23 18:52:06.337722,SEND,22aa789bc780f20dbf58a5dcdbb9f3f3
2016-04-23 18:52:06.534894,SEND,4270dd07c66fec5a23bce702945a6526
2016-04-23 18:52:06.725055,SEND,4899324f1fc1a1c74487d2febbfdea09
2016-04-23 18:52:06.730493,RECV,836b564ca65c2f6fccf5d0b258dfbb45
2016-04-23 18:52:06.730898,RECV,24add68c0ccfa0f5b729eeb055165dc4
2016-04-23 18:52:06.996322,RECV,d0e2650f0776d6611c02fb084487ab17
2016-04-23 18:52:07.026590,SEND,ff15f272b50b78186d895cc908878650
2016-04-23 18:52:07.031361,SEND,d97a703ed7afc23dc9be1cadcaa7d0e2
2016-04-23 18:52:07.115941,RECV,cb70ad32aae82d35ba635337d9460ac7
2016-04-23 18:52:07.121445,RECV,cd3074952cdf79a254a7e0710d4c161d
2016-04-23 18:52:07.138084,SEND,e4151b39fdf93cbb17babc24a05c801c
2016-04-23 18:52:07.161212,SEND,4b38bf94d2daf43280146c121d18ca95
2016-04-23 18:52:07.192521,RECV,6a18e83ea1704893b1f28676749f6dd5
2016-04-23 18:52:07.229916,RECV,a663c1cf2bf784341a7c89200f8337a9
2016-04-23 18:52:07.372288,SEND,9b939f2036e9e81b980f7c4efa59151f
2016-04-23 18:52:07.417530,RECV,e981e6ff72a93ff1994e70488eee9e7f
2016-04-23 18:52:07.543186,SEND,bf4232dd5b712e7559da97038c4b99ff
2016-04-23 18:52:07.665828,SEND,944bd14b9b95f19fa5e9382972b342be
2016-04-23 18:52:07.726049,RECV,358d4a3f31dd9aa1e5f019747df36efd
2016-04-23 18:52:07.930446,SEND,5b337882968a3a00fef9eca1e9677288
