2016-04-23 18:52:05.280070,SEND,7bc2787b5ba74ae3693841f7de3427d4
2016-04-23 18:52:05.319646,RECV,5569c7c5994a6556c89b23c26281721b
2016-04-23 18:52:05.449771,SEND,b7074252c05392b6fb11cbb0ccb18562
2016-04-23 18:52:05.531062,SEND,e82058164db6e2a8d2c53ac77f48ffa5
2016-04-23 18:52:05.536095,RECV,a68f855741a8aa62c46cc09465070141
2016-04-23 18:52:05.600927,RECV,9f50a7f61a26d034d403e5107ecb955a
2016-04-23 18:52:05.626483,SEND,8d24ba9d84aad6a2b738aa84adc00dec
2016-04-23 18:52:05.686736,RECV,136d519761aca1adc8acc6ba617d5cb5
2016-04-23 18:52:05.838173,SEND,7b41dd30dc0ddcaa6e5cdecdfcb1c682
2016-04-23 18:52:05.897841,RECV,d3483d4c9109d886e944411b96ff1b7a
2016-04-23 18:52:05.922957,RECV,5b6f5ad70dfbd09a8ee2305f320e32f5
2016-04-23 18:52:05.960168,SEND,57a3f4c49cc560e13336c8a0269fb006
2016-04-23 18:52:05.983260,SEND,063454cc6ab060fdd6908ea88d9c90d0
2016-04-23 18:52:05.989321,SEND,a0325e2a1450b97a1b79b582e67d4d17
2016-04-23 18:52:06.043214,RECV,e96a11f4f53e1ff7b2c88120b24cebe2
2016-04-23 18:52:06.079410,RECV,45f737f385167e633934fd311824b1c5
2016-04-23 18:52:06.173433,RECV,b9dd9ad41f81a1dfd4e28baa66437c63
2016-04-23 18:52:06.404963,SEND,8c891eef43d51581766ffb4a689da1c5
2016-04-23 18:52:06.411742,SEND,e05ddf21635dfcebe3ab60d263d57036
2016-04-23 18:52:06.427505,SEND,083acf2cac25a83d3edb141b6a99d090
2016-04-23 18:52:06.450778,RECV,cfae5905a247a96538de99b192dd603d
2016-04-23 18:52:06.471801,RECV,8db86bb64f0b0f402675cd206b9d72ae
2016-04-23 18:52:06.525953,SEND,d61b0c990c0d5f21eb619f016c1fc26c
2016-04-23 18:52:06.535336,RECV,b1b0f65e7b0210424d28e600bccd3c02
2016-04-23 18:52:06.546878,SEND,647e79ce1ac4478349280eb09ea96250
2016-04-23 18:52:06.600928,RECV,45a8670a04ae5d1adfb0d1de401a9eaf
2016-04-23 18:52:06.992770,SEND,e0d55a362e6a0e1560937325f5089517
2016-04-23 18:52:07.015224,SEND,d44c4565dea483b4cf1b67b06ed73bd7
2016-04-23 18:52:07.053377,RECV,de6478ebaeea5bdee106470131c8b5b4
2016-04-23 18:52:07.075527,RECV,6cfcc1c5a8533a73338ab6a5a851ac50
2016-04-23 18:52:07.144466,SEND,cbafa3f0aba76baa9691711433d0f16c
2016-04-23 18:52:07.185603,SEND,ff6bbb148979f5fd1729438e9e8859cb
2016-04-23 18:52:07.195520,RECV,37a896a426dee43cc662cefaaabd16ec
2016-04-23 18:52:07.225557,SEND,d2de34eddb78521dfa1f50d0d85fc676
2016-04-23 18:52:07.355675,RECV,792b738c30989072f4f8dc53395f879d
2016-04-23 18:52:07.376704,RECV,aa91dce35bafe5fca76f80b11f3997c6
2016-04-23 18:52:07.424094,RECV,6fcc24110f91996e1ac34aa611c15a46
2016-04-23 18:52:07.731062,SEND,89576ce4edd07d43f1d9ac82a44af103
2016-04-23 18:52:07.738068,SEND,0d9a42c55ad0d279ea8dfc91c11c37f2
2016-04-23 18:52:07.741067,SEND,c73191918e89a76fa0b5613fe183b7ba
2016-04-23 18:52:07.858632,RECV,3ce96d7cdc4e382934da62d3487d5f67
