Mean delay : 0.02390525
Std dev    : 0.0428122137079
Bin[0] = 98
Bin[1] = 224
Bin[2] = 46
Bin[3] = 9
Bin[4] = 6
Bin[5] = 3
Bin[6] = 6
Bin[7] = 2
Bin[8] = 2
Bin[9] = 2
Bin[10] = 21
Total packets  : 21
Total neg packets : 11
total_outlierpackets : 2
