Mean delay : 0.0525007135802
Std dev    : 0.0272655434035
Bin[0] = 0
Bin[1] = 0
Bin[2] = 5
Bin[3] = 120
Bin[4] = 92
Bin[5] = 107
Bin[6] = 35
Bin[7] = 24
Bin[8] = 10
Bin[9] = 8
Bin[10] = 10
Total packets  : 411
Total neg packets : 0
total_outlierpackets : 6
