Mean delay : 0.110718073446
Std dev    : 0.0562861903269
Bin[0] = 0
Bin[1] = 1
Bin[2] = 0
Bin[3] = 0
Bin[4] = 2
Bin[5] = 4
Bin[6] = 19
Bin[7] = 25
Bin[8] = 16
Bin[9] = 25
Bin[10] = 98
Total packets  : 190
Total neg packets : 0
total_outlierpackets : 13
