Mean delay : 0.0106088348214
Std dev    : 0.00959615637528
Bin[0] = 112
Bin[1] = 107
Bin[2] = 2
Bin[3] = 0
Bin[4] = 0
Bin[5] = 0
Bin[6] = 0
Bin[7] = 0
Bin[8] = 0
Bin[9] = 0
Bin[10] = 2
Total packets  : 223
Total neg packets : 2
total_outlierpackets : 1
