Mean delay : 0.0435729533333
Std dev    : 0.0221064265384
Bin[0] = 0
Bin[1] = 61
Bin[2] = 28
Bin[3] = 53
Bin[4] = 42
Bin[5] = 76
Bin[6] = 18
Bin[7] = 8
Bin[8] = 7
Bin[9] = 4
Bin[10] = 3
Total packets  : 300
Total neg packets : 0
total_outlierpackets : 0
