Mean delay : 0.0505055555556
Std dev    : 0.103613918995
Bin[0] = 8
Bin[1] = 12
Bin[2] = 1
Bin[3] = 1
Bin[4] = 0
Bin[5] = 1
Bin[6] = 0
Bin[7] = 0
Bin[8] = 1
Bin[9] = 0
Bin[10] = 5
Total packets  : 5
Total neg packets : 0
total_outlierpackets : 2
