Mean delay : 0.0128005708171
Std dev    : 0.0136639640532
Bin[0] = 888
Bin[1] = 1101
Bin[2] = 238
Bin[3] = 96
Bin[4] = 25
Bin[5] = 16
Bin[6] = 7
Bin[7] = 6
Bin[8] = 2
Bin[9] = 1
Bin[10] = 9
Total packets  : 9
Total neg packets : 191
total_outlierpackets : 10
