Mean delay : 0.0335918635015
Std dev    : 0.051881696915
Bin[0] = 125
Bin[1] = 189
Bin[2] = 115
Bin[3] = 61
Bin[4] = 53
Bin[5] = 23
Bin[6] = 18
Bin[7] = 10
Bin[8] = 6
Bin[9] = 4
Bin[10] = 48
Total packets  : 48
Total neg packets : 24
total_outlierpackets : 2
