Mean delay : 0.0116041150442
Std dev    : 0.00964784000996
Bin[0] = 95
Bin[1] = 123
Bin[2] = 6
Bin[3] = 0
Bin[4] = 1
Bin[5] = 0
Bin[6] = 0
Bin[7] = 0
Bin[8] = 0
Bin[9] = 0
Bin[10] = 1
Total packets  : 226
Total neg packets : 0
total_outlierpackets : 0
