Mean delay : 0.024598875
Std dev    : 0.0552712989336
Bin[0] = 41
Bin[1] = 63
Bin[2] = 15
Bin[3] = 1
Bin[4] = 0
Bin[5] = 0
Bin[6] = 0
Bin[7] = 1
Bin[8] = 0
Bin[9] = 0
Bin[10] = 6
Total packets  : 6
Total neg packets : 1
total_outlierpackets : 0
