2016-04-20 00:44:30.511085,SEND,0836d29f20e08e12df3c19229bdf87c5,LOG_TIME : 1461131070.53
2016-04-20 00:44:30.519995,SEND,4d0c4012ea47a7305368ace9da08f69a,LOG_TIME : 1461131070.53
2016-04-20 00:44:30.493940,RECV,c86bf7593831eeef961b27a2ba7b712d,LOG_TIME : 1461131070.58
2016-04-20 00:44:30.605773,SEND,4ee36b661cfd3e36ffc290d347b7de3b,LOG_TIME : 1461131070.62
2016-04-20 00:44:30.613057,RECV,0e60485bbf6ad1448d4915fa0effb26a,LOG_TIME : 1461131070.62
2016-04-20 00:44:30.649398,RECV,9d1a62d39f5d0922d39ff494f5fa2ac6,LOG_TIME : 1461131070.67
2016-04-20 00:44:30.705159,SEND,6f3c1048374a821314e6c5da62ddf35e,LOG_TIME : 1461131070.73
2016-04-20 00:44:30.793697,RECV,1730f07579576d5fe3be85006b56f6fc,LOG_TIME : 1461131070.81
2016-04-20 00:44:30.854294,RECV,208c70d516a430653651c3a33906fe57,LOG_TIME : 1461131070.9
2016-04-20 00:44:30.937378,SEND,e1c7888ee13c77cb0f8a8a312013318c,LOG_TIME : 1461131070.94
2016-04-20 00:44:30.970648,SEND,529f39551d360f7882e11b1896e5e63e,LOG_TIME : 1461131070.97
2016-04-20 00:44:30.962417,SEND,6bb44c77933861dcd93dcdc9f677981a,LOG_TIME : 1461131070.97
2016-04-20 00:44:31.052928,RECV,99ed25a9a10cf9837d0c04ce2fe0ca12,LOG_TIME : 1461131071.06
2016-04-20 00:44:31.074526,RECV,3479b8d0a1c29b705929d33f14bd353a,LOG_TIME : 1461131071.1
2016-04-20 00:44:31.204664,SEND,95c2d06551824c2042435229840fea62,LOG_TIME : 1461131071.22
2016-04-20 00:44:31.144583,RECV,33a9161e9e697acb17002f763ef04898,LOG_TIME : 1461131071.29
2016-04-20 00:44:31.305581,SEND,55370667760cafc1cc488936105dab86,LOG_TIME : 1461131071.35
2016-04-20 00:44:31.295750,RECV,2b2ea4d4eeebfca81c0a3f6baf6e44ff,LOG_TIME : 1461131071.35
2016-04-20 00:44:31.401762,SEND,6f8202877814cfa2f074993ee2aa880d,LOG_TIME : 1461131071.41
2016-04-20 00:44:31.441879,SEND,f8a2139f0af5d94ca1cdfb2150bc72cd,LOG_TIME : 1461131071.47
2016-04-20 00:44:31.510597,RECV,8ff13afb7b47040f2987b806d72272f3,LOG_TIME : 1461131071.52
2016-04-20 00:44:31.576993,RECV,86e9c39bc5c4f9f0ed1e15ac5148eec1,LOG_TIME : 1461131071.6
2016-04-20 00:44:31.722177,SEND,b390362d4ba9204de7dac75ed6c4f995,LOG_TIME : 1461131071.73
