Mean delay : 0.0159945945844
Std dev    : 0.0226147029322
Bin[0] = 792
Bin[1] = 1132
Bin[2] = 408
Bin[3] = 134
Bin[4] = 42
Bin[5] = 13
Bin[6] = 6
Bin[7] = 2
Bin[8] = 1
Bin[9] = 2
Bin[10] = 33
Total packets  : 33
Total neg packets : 115
total_outlierpackets : 21
