Mean delay : 0.0167100339039
Std dev    : 0.0160592785966
Bin[0] = 841
Bin[1] = 1300
Bin[2] = 520
Bin[3] = 181
Bin[4] = 41
Bin[5] = 21
Bin[6] = 12
Bin[7] = 9
Bin[8] = 8
Bin[9] = 3
Bin[10] = 20
Total packets  : 2956
Total neg packets : 93
total_outlierpackets : 11
